12.022556390977442 -5.0 11.0 40.0 8.0
12.022556390977442 -5.0 11.0 40.0 9.0
12.022556390977442 -5.0 11.0 40.0 10.0
12.022556390977442 -5.0 11.0 41.25 8.0
12.022556390977442 -5.0 11.0 41.25 9.0
12.022556390977442 -5.0 11.0 41.25 10.0
12.022556390977442 -5.0 11.0 42.5 8.0
12.022556390977442 -5.0 11.0 42.5 9.0
12.022556390977442 -5.0 11.0 42.5 10.0
12.022556390977442 -5.0 12.0 40.0 8.0
12.022556390977442 -5.0 12.0 40.0 9.0
12.022556390977442 -5.0 12.0 40.0 10.0
12.022556390977442 -5.0 12.0 41.25 8.0
12.022556390977442 -5.0 12.0 41.25 9.0
12.022556390977442 -5.0 12.0 41.25 10.0
12.022556390977442 -5.0 12.0 42.5 8.0
12.022556390977442 -5.0 12.0 42.5 9.0
12.022556390977442 -5.0 12.0 42.5 10.0
12.022556390977442 -5.0 13.0 40.0 8.0
12.022556390977442 -5.0 13.0 40.0 9.0
12.022556390977442 -5.0 13.0 40.0 10.0
12.022556390977442 -5.0 13.0 41.25 8.0
12.022556390977442 -5.0 13.0 41.25 9.0
12.022556390977442 -5.0 13.0 41.25 10.0
12.022556390977442 -5.0 13.0 42.5 8.0
12.022556390977442 -5.0 13.0 42.5 9.0
12.022556390977442 -5.0 13.0 42.5 10.0
12.022556390977442 -3.75 11.0 40.0 8.0
12.022556390977442 -3.75 11.0 40.0 9.0
12.022556390977442 -3.75 11.0 40.0 10.0
12.022556390977442 -3.75 11.0 41.25 8.0
12.022556390977442 -3.75 11.0 41.25 9.0
12.022556390977442 -3.75 11.0 41.25 10.0
12.022556390977442 -3.75 11.0 42.5 8.0
12.022556390977442 -3.75 11.0 42.5 9.0
12.022556390977442 -3.75 11.0 42.5 10.0
12.022556390977442 -3.75 12.0 40.0 8.0
12.022556390977442 -3.75 12.0 40.0 9.0
12.022556390977442 -3.75 12.0 40.0 10.0
12.022556390977442 -3.75 12.0 41.25 8.0
12.022556390977442 -3.75 12.0 41.25 9.0
12.022556390977442 -3.75 12.0 41.25 10.0
12.022556390977442 -3.75 12.0 42.5 8.0
12.022556390977442 -3.75 12.0 42.5 9.0
12.022556390977442 -3.75 12.0 42.5 10.0
12.022556390977442 -3.75 13.0 40.0 8.0
12.022556390977442 -3.75 13.0 40.0 9.0
12.022556390977442 -3.75 13.0 40.0 10.0
12.022556390977442 -3.75 13.0 41.25 8.0
12.022556390977442 -3.75 13.0 41.25 9.0
12.022556390977442 -3.75 13.0 41.25 10.0
12.022556390977442 -3.75 13.0 42.5 8.0
12.022556390977442 -3.75 13.0 42.5 9.0
12.022556390977442 -3.75 13.0 42.5 10.0
12.022556390977442 -2.5 11.0 40.0 8.0
12.022556390977442 -2.5 11.0 40.0 9.0
12.022556390977442 -2.5 11.0 40.0 10.0
12.022556390977442 -2.5 11.0 41.25 8.0
12.022556390977442 -2.5 11.0 41.25 9.0
12.022556390977442 -2.5 11.0 41.25 10.0
12.022556390977442 -2.5 11.0 42.5 8.0
12.022556390977442 -2.5 11.0 42.5 9.0
12.022556390977442 -2.5 11.0 42.5 10.0
12.022556390977442 -2.5 12.0 40.0 8.0
12.022556390977442 -2.5 12.0 40.0 9.0
12.022556390977442 -2.5 12.0 40.0 10.0
12.022556390977442 -2.5 12.0 41.25 8.0
12.022556390977442 -2.5 12.0 41.25 9.0
12.022556390977442 -2.5 12.0 41.25 10.0
12.022556390977442 -2.5 12.0 42.5 8.0
12.022556390977442 -2.5 12.0 42.5 9.0
12.022556390977442 -2.5 12.0 42.5 10.0
12.022556390977442 -2.5 13.0 40.0 8.0
12.022556390977442 -2.5 13.0 40.0 9.0
12.022556390977442 -2.5 13.0 40.0 10.0
12.022556390977442 -2.5 13.0 41.25 8.0
12.022556390977442 -2.5 13.0 41.25 9.0
12.022556390977442 -2.5 13.0 41.25 10.0
12.022556390977442 -2.5 13.0 42.5 8.0
12.022556390977442 -2.5 13.0 42.5 9.0
12.022556390977442 -2.5 13.0 42.5 10.0
12.26393570132227 -5.0 11.0 40.0 8.0
12.26393570132227 -5.0 11.0 40.0 9.0
12.26393570132227 -5.0 11.0 40.0 10.0
12.26393570132227 -5.0 11.0 41.25 8.0
12.26393570132227 -5.0 11.0 41.25 9.0
12.26393570132227 -5.0 11.0 41.25 10.0
12.26393570132227 -5.0 11.0 42.5 8.0
12.26393570132227 -5.0 11.0 42.5 9.0
12.26393570132227 -5.0 11.0 42.5 10.0
12.26393570132227 -5.0 12.0 40.0 8.0
12.26393570132227 -5.0 12.0 40.0 9.0
12.26393570132227 -5.0 12.0 40.0 10.0
12.26393570132227 -5.0 12.0 41.25 8.0
12.26393570132227 -5.0 12.0 41.25 9.0
12.26393570132227 -5.0 12.0 41.25 10.0
12.26393570132227 -5.0 12.0 42.5 8.0
12.26393570132227 -5.0 12.0 42.5 9.0
12.26393570132227 -5.0 12.0 42.5 10.0
12.26393570132227 -5.0 13.0 40.0 8.0
12.26393570132227 -5.0 13.0 40.0 9.0
12.26393570132227 -5.0 13.0 40.0 10.0
12.26393570132227 -5.0 13.0 41.25 8.0
12.26393570132227 -5.0 13.0 41.25 9.0
12.26393570132227 -5.0 13.0 41.25 10.0
12.26393570132227 -5.0 13.0 42.5 8.0
12.26393570132227 -5.0 13.0 42.5 9.0
12.26393570132227 -5.0 13.0 42.5 10.0
12.26393570132227 -3.75 11.0 40.0 8.0
12.26393570132227 -3.75 11.0 40.0 9.0
12.26393570132227 -3.75 11.0 40.0 10.0
12.26393570132227 -3.75 11.0 41.25 8.0
12.26393570132227 -3.75 11.0 41.25 9.0
12.26393570132227 -3.75 11.0 41.25 10.0
12.26393570132227 -3.75 11.0 42.5 8.0
12.26393570132227 -3.75 11.0 42.5 9.0
12.26393570132227 -3.75 11.0 42.5 10.0
12.26393570132227 -3.75 12.0 40.0 8.0
12.26393570132227 -3.75 12.0 40.0 9.0
12.26393570132227 -3.75 12.0 40.0 10.0
12.26393570132227 -3.75 12.0 41.25 8.0
12.26393570132227 -3.75 12.0 41.25 9.0
12.26393570132227 -3.75 12.0 41.25 10.0
12.26393570132227 -3.75 12.0 42.5 8.0
12.26393570132227 -3.75 12.0 42.5 9.0
12.26393570132227 -3.75 12.0 42.5 10.0
12.26393570132227 -3.75 13.0 40.0 8.0
12.26393570132227 -3.75 13.0 40.0 9.0
12.26393570132227 -3.75 13.0 40.0 10.0
12.26393570132227 -3.75 13.0 41.25 8.0
12.26393570132227 -3.75 13.0 41.25 9.0
12.26393570132227 -3.75 13.0 41.25 10.0
12.26393570132227 -3.75 13.0 42.5 8.0
12.26393570132227 -3.75 13.0 42.5 9.0
12.26393570132227 -3.75 13.0 42.5 10.0
12.26393570132227 -2.5 11.0 40.0 8.0
12.26393570132227 -2.5 11.0 40.0 9.0
12.26393570132227 -2.5 11.0 40.0 10.0
12.26393570132227 -2.5 11.0 41.25 8.0
12.26393570132227 -2.5 11.0 41.25 9.0
12.26393570132227 -2.5 11.0 41.25 10.0
12.26393570132227 -2.5 11.0 42.5 8.0
12.26393570132227 -2.5 11.0 42.5 9.0
12.26393570132227 -2.5 11.0 42.5 10.0
12.26393570132227 -2.5 12.0 40.0 8.0
12.26393570132227 -2.5 12.0 40.0 9.0
12.26393570132227 -2.5 12.0 40.0 10.0
12.26393570132227 -2.5 12.0 41.25 8.0
12.26393570132227 -2.5 12.0 41.25 9.0
12.26393570132227 -2.5 12.0 41.25 10.0
12.26393570132227 -2.5 12.0 42.5 8.0
12.26393570132227 -2.5 12.0 42.5 9.0
12.26393570132227 -2.5 12.0 42.5 10.0
12.26393570132227 -2.5 13.0 40.0 8.0
12.26393570132227 -2.5 13.0 40.0 9.0
12.26393570132227 -2.5 13.0 40.0 10.0
12.26393570132227 -2.5 13.0 41.25 8.0
12.26393570132227 -2.5 13.0 41.25 9.0
12.26393570132227 -2.5 13.0 41.25 10.0
12.26393570132227 -2.5 13.0 42.5 8.0
12.26393570132227 -2.5 13.0 42.5 9.0
12.26393570132227 -2.5 13.0 42.5 10.0
12.505315011667097 -5.0 11.0 40.0 8.0
12.505315011667097 -5.0 11.0 40.0 9.0
12.505315011667097 -5.0 11.0 40.0 10.0
12.505315011667097 -5.0 11.0 41.25 8.0
12.505315011667097 -5.0 11.0 41.25 9.0
12.505315011667097 -5.0 11.0 41.25 10.0
12.505315011667097 -5.0 11.0 42.5 8.0
12.505315011667097 -5.0 11.0 42.5 9.0
12.505315011667097 -5.0 11.0 42.5 10.0
12.505315011667097 -5.0 12.0 40.0 8.0
12.505315011667097 -5.0 12.0 40.0 9.0
12.505315011667097 -5.0 12.0 40.0 10.0
12.505315011667097 -5.0 12.0 41.25 8.0
12.505315011667097 -5.0 12.0 41.25 9.0
12.505315011667097 -5.0 12.0 41.25 10.0
12.505315011667097 -5.0 12.0 42.5 8.0
12.505315011667097 -5.0 12.0 42.5 9.0
12.505315011667097 -5.0 12.0 42.5 10.0
12.505315011667097 -5.0 13.0 40.0 8.0
12.505315011667097 -5.0 13.0 40.0 9.0
12.505315011667097 -5.0 13.0 40.0 10.0
12.505315011667097 -5.0 13.0 41.25 8.0
12.505315011667097 -5.0 13.0 41.25 9.0
12.505315011667097 -5.0 13.0 41.25 10.0
12.505315011667097 -5.0 13.0 42.5 8.0
12.505315011667097 -5.0 13.0 42.5 9.0
12.505315011667097 -5.0 13.0 42.5 10.0
12.505315011667097 -3.75 11.0 40.0 8.0
12.505315011667097 -3.75 11.0 40.0 9.0
12.505315011667097 -3.75 11.0 40.0 10.0
12.505315011667097 -3.75 11.0 41.25 8.0
12.505315011667097 -3.75 11.0 41.25 9.0
12.505315011667097 -3.75 11.0 41.25 10.0
12.505315011667097 -3.75 11.0 42.5 8.0
12.505315011667097 -3.75 11.0 42.5 9.0
12.505315011667097 -3.75 11.0 42.5 10.0
12.505315011667097 -3.75 12.0 40.0 8.0
12.505315011667097 -3.75 12.0 40.0 9.0
12.505315011667097 -3.75 12.0 40.0 10.0
12.505315011667097 -3.75 12.0 41.25 8.0
12.505315011667097 -3.75 12.0 41.25 9.0
12.505315011667097 -3.75 12.0 41.25 10.0
12.505315011667097 -3.75 12.0 42.5 8.0
12.505315011667097 -3.75 12.0 42.5 9.0
12.505315011667097 -3.75 12.0 42.5 10.0
12.505315011667097 -3.75 13.0 40.0 8.0
12.505315011667097 -3.75 13.0 40.0 9.0
12.505315011667097 -3.75 13.0 40.0 10.0
12.505315011667097 -3.75 13.0 41.25 8.0
12.505315011667097 -3.75 13.0 41.25 9.0
12.505315011667097 -3.75 13.0 41.25 10.0
12.505315011667097 -3.75 13.0 42.5 8.0
12.505315011667097 -3.75 13.0 42.5 9.0
12.505315011667097 -3.75 13.0 42.5 10.0
12.505315011667097 -2.5 11.0 40.0 8.0
12.505315011667097 -2.5 11.0 40.0 9.0
12.505315011667097 -2.5 11.0 40.0 10.0
12.505315011667097 -2.5 11.0 41.25 8.0
12.505315011667097 -2.5 11.0 41.25 9.0
12.505315011667097 -2.5 11.0 41.25 10.0
12.505315011667097 -2.5 11.0 42.5 8.0
12.505315011667097 -2.5 11.0 42.5 9.0
12.505315011667097 -2.5 11.0 42.5 10.0
12.505315011667097 -2.5 12.0 40.0 8.0
12.505315011667097 -2.5 12.0 40.0 9.0
12.505315011667097 -2.5 12.0 40.0 10.0
12.505315011667097 -2.5 12.0 41.25 8.0
12.505315011667097 -2.5 12.0 41.25 9.0
12.505315011667097 -2.5 12.0 41.25 10.0
12.505315011667097 -2.5 12.0 42.5 8.0
12.505315011667097 -2.5 12.0 42.5 9.0
12.505315011667097 -2.5 12.0 42.5 10.0
12.505315011667097 -2.5 13.0 40.0 8.0
12.505315011667097 -2.5 13.0 40.0 9.0
12.505315011667097 -2.5 13.0 40.0 10.0
12.505315011667097 -2.5 13.0 41.25 8.0
12.505315011667097 -2.5 13.0 41.25 9.0
12.505315011667097 -2.5 13.0 41.25 10.0
12.505315011667097 -2.5 13.0 42.5 8.0
12.505315011667097 -2.5 13.0 42.5 9.0
12.505315011667097 -2.5 13.0 42.5 10.0
12.746694322011924 -5.0 11.0 40.0 8.0
12.746694322011924 -5.0 11.0 40.0 9.0
12.746694322011924 -5.0 11.0 40.0 10.0
12.746694322011924 -5.0 11.0 41.25 8.0
12.746694322011924 -5.0 11.0 41.25 9.0
12.746694322011924 -5.0 11.0 41.25 10.0
12.746694322011924 -5.0 11.0 42.5 8.0
12.746694322011924 -5.0 11.0 42.5 9.0
12.746694322011924 -5.0 11.0 42.5 10.0
12.746694322011924 -5.0 12.0 40.0 8.0
12.746694322011924 -5.0 12.0 40.0 9.0
12.746694322011924 -5.0 12.0 40.0 10.0
12.746694322011924 -5.0 12.0 41.25 8.0
12.746694322011924 -5.0 12.0 41.25 9.0
12.746694322011924 -5.0 12.0 41.25 10.0
12.746694322011924 -5.0 12.0 42.5 8.0
12.746694322011924 -5.0 12.0 42.5 9.0
12.746694322011924 -5.0 12.0 42.5 10.0
12.746694322011924 -5.0 13.0 40.0 8.0
12.746694322011924 -5.0 13.0 40.0 9.0
12.746694322011924 -5.0 13.0 40.0 10.0
12.746694322011924 -5.0 13.0 41.25 8.0
12.746694322011924 -5.0 13.0 41.25 9.0
12.746694322011924 -5.0 13.0 41.25 10.0
12.746694322011924 -5.0 13.0 42.5 8.0
12.746694322011924 -5.0 13.0 42.5 9.0
12.746694322011924 -5.0 13.0 42.5 10.0
12.746694322011924 -3.75 11.0 40.0 8.0
12.746694322011924 -3.75 11.0 40.0 9.0
12.746694322011924 -3.75 11.0 40.0 10.0
12.746694322011924 -3.75 11.0 41.25 8.0
12.746694322011924 -3.75 11.0 41.25 9.0
12.746694322011924 -3.75 11.0 41.25 10.0
12.746694322011924 -3.75 11.0 42.5 8.0
12.746694322011924 -3.75 11.0 42.5 9.0
12.746694322011924 -3.75 11.0 42.5 10.0
12.746694322011924 -3.75 12.0 40.0 8.0
12.746694322011924 -3.75 12.0 40.0 9.0
12.746694322011924 -3.75 12.0 40.0 10.0
12.746694322011924 -3.75 12.0 41.25 8.0
12.746694322011924 -3.75 12.0 41.25 9.0
12.746694322011924 -3.75 12.0 41.25 10.0
12.746694322011924 -3.75 12.0 42.5 8.0
12.746694322011924 -3.75 12.0 42.5 9.0
12.746694322011924 -3.75 12.0 42.5 10.0
12.746694322011924 -3.75 13.0 40.0 8.0
12.746694322011924 -3.75 13.0 40.0 9.0
12.746694322011924 -3.75 13.0 40.0 10.0
12.746694322011924 -3.75 13.0 41.25 8.0
12.746694322011924 -3.75 13.0 41.25 9.0
12.746694322011924 -3.75 13.0 41.25 10.0
12.746694322011924 -3.75 13.0 42.5 8.0
12.746694322011924 -3.75 13.0 42.5 9.0
12.746694322011924 -3.75 13.0 42.5 10.0
12.746694322011924 -2.5 11.0 40.0 8.0
12.746694322011924 -2.5 11.0 40.0 9.0
12.746694322011924 -2.5 11.0 40.0 10.0
12.746694322011924 -2.5 11.0 41.25 8.0
12.746694322011924 -2.5 11.0 41.25 9.0
12.746694322011924 -2.5 11.0 41.25 10.0
12.746694322011924 -2.5 11.0 42.5 8.0
12.746694322011924 -2.5 11.0 42.5 9.0
12.746694322011924 -2.5 11.0 42.5 10.0
12.746694322011924 -2.5 12.0 40.0 8.0
12.746694322011924 -2.5 12.0 40.0 9.0
12.746694322011924 -2.5 12.0 40.0 10.0
12.746694322011924 -2.5 12.0 41.25 8.0
12.746694322011924 -2.5 12.0 41.25 9.0
12.746694322011924 -2.5 12.0 41.25 10.0
12.746694322011924 -2.5 12.0 42.5 8.0
12.746694322011924 -2.5 12.0 42.5 9.0
12.746694322011924 -2.5 12.0 42.5 10.0
12.746694322011924 -2.5 13.0 40.0 8.0
12.746694322011924 -2.5 13.0 40.0 9.0
12.746694322011924 -2.5 13.0 40.0 10.0
12.746694322011924 -2.5 13.0 41.25 8.0
12.746694322011924 -2.5 13.0 41.25 9.0
12.746694322011924 -2.5 13.0 41.25 10.0
12.746694322011924 -2.5 13.0 42.5 8.0
12.746694322011924 -2.5 13.0 42.5 9.0
12.746694322011924 -2.5 13.0 42.5 10.0
12.988073632356752 -5.0 11.0 40.0 8.0
12.988073632356752 -5.0 11.0 40.0 9.0
12.988073632356752 -5.0 11.0 40.0 10.0
12.988073632356752 -5.0 11.0 41.25 8.0
12.988073632356752 -5.0 11.0 41.25 9.0
12.988073632356752 -5.0 11.0 41.25 10.0
12.988073632356752 -5.0 11.0 42.5 8.0
12.988073632356752 -5.0 11.0 42.5 9.0
12.988073632356752 -5.0 11.0 42.5 10.0
12.988073632356752 -5.0 12.0 40.0 8.0
12.988073632356752 -5.0 12.0 40.0 9.0
12.988073632356752 -5.0 12.0 40.0 10.0
12.988073632356752 -5.0 12.0 41.25 8.0
12.988073632356752 -5.0 12.0 41.25 9.0
12.988073632356752 -5.0 12.0 41.25 10.0
12.988073632356752 -5.0 12.0 42.5 8.0
12.988073632356752 -5.0 12.0 42.5 9.0
12.988073632356752 -5.0 12.0 42.5 10.0
12.988073632356752 -5.0 13.0 40.0 8.0
12.988073632356752 -5.0 13.0 40.0 9.0
12.988073632356752 -5.0 13.0 40.0 10.0
12.988073632356752 -5.0 13.0 41.25 8.0
12.988073632356752 -5.0 13.0 41.25 9.0
12.988073632356752 -5.0 13.0 41.25 10.0
12.988073632356752 -5.0 13.0 42.5 8.0
12.988073632356752 -5.0 13.0 42.5 9.0
12.988073632356752 -5.0 13.0 42.5 10.0
12.988073632356752 -3.75 11.0 40.0 8.0
12.988073632356752 -3.75 11.0 40.0 9.0
12.988073632356752 -3.75 11.0 40.0 10.0
12.988073632356752 -3.75 11.0 41.25 8.0
12.988073632356752 -3.75 11.0 41.25 9.0
12.988073632356752 -3.75 11.0 41.25 10.0
12.988073632356752 -3.75 11.0 42.5 8.0
12.988073632356752 -3.75 11.0 42.5 9.0
12.988073632356752 -3.75 11.0 42.5 10.0
12.988073632356752 -3.75 12.0 40.0 8.0
12.988073632356752 -3.75 12.0 40.0 9.0
12.988073632356752 -3.75 12.0 40.0 10.0
12.988073632356752 -3.75 12.0 41.25 8.0
12.988073632356752 -3.75 12.0 41.25 9.0
12.988073632356752 -3.75 12.0 41.25 10.0
12.988073632356752 -3.75 12.0 42.5 8.0
12.988073632356752 -3.75 12.0 42.5 9.0
12.988073632356752 -3.75 12.0 42.5 10.0
12.988073632356752 -3.75 13.0 40.0 8.0
12.988073632356752 -3.75 13.0 40.0 9.0
12.988073632356752 -3.75 13.0 40.0 10.0
12.988073632356752 -3.75 13.0 41.25 8.0
12.988073632356752 -3.75 13.0 41.25 9.0
12.988073632356752 -3.75 13.0 41.25 10.0
12.988073632356752 -3.75 13.0 42.5 8.0
12.988073632356752 -3.75 13.0 42.5 9.0
12.988073632356752 -3.75 13.0 42.5 10.0
12.988073632356752 -2.5 11.0 40.0 8.0
12.988073632356752 -2.5 11.0 40.0 9.0
12.988073632356752 -2.5 11.0 40.0 10.0
12.988073632356752 -2.5 11.0 41.25 8.0
12.988073632356752 -2.5 11.0 41.25 9.0
12.988073632356752 -2.5 11.0 41.25 10.0
12.988073632356752 -2.5 11.0 42.5 8.0
12.988073632356752 -2.5 11.0 42.5 9.0
12.988073632356752 -2.5 11.0 42.5 10.0
12.988073632356752 -2.5 12.0 40.0 8.0
12.988073632356752 -2.5 12.0 40.0 9.0
12.988073632356752 -2.5 12.0 40.0 10.0
12.988073632356752 -2.5 12.0 41.25 8.0
12.988073632356752 -2.5 12.0 41.25 9.0
12.988073632356752 -2.5 12.0 41.25 10.0
12.988073632356752 -2.5 12.0 42.5 8.0
12.988073632356752 -2.5 12.0 42.5 9.0
12.988073632356752 -2.5 12.0 42.5 10.0
12.988073632356752 -2.5 13.0 40.0 8.0
12.988073632356752 -2.5 13.0 40.0 9.0
12.988073632356752 -2.5 13.0 40.0 10.0
12.988073632356752 -2.5 13.0 41.25 8.0
12.988073632356752 -2.5 13.0 41.25 9.0
12.988073632356752 -2.5 13.0 41.25 10.0
12.988073632356752 -2.5 13.0 42.5 8.0
12.988073632356752 -2.5 13.0 42.5 9.0
12.988073632356752 -2.5 13.0 42.5 10.0
13.229452942701581 -5.0 11.0 40.0 8.0
13.229452942701581 -5.0 11.0 40.0 9.0
13.229452942701581 -5.0 11.0 40.0 10.0
13.229452942701581 -5.0 11.0 41.25 8.0
13.229452942701581 -5.0 11.0 41.25 9.0
13.229452942701581 -5.0 11.0 41.25 10.0
13.229452942701581 -5.0 11.0 42.5 8.0
13.229452942701581 -5.0 11.0 42.5 9.0
13.229452942701581 -5.0 11.0 42.5 10.0
13.229452942701581 -5.0 12.0 40.0 8.0
13.229452942701581 -5.0 12.0 40.0 9.0
13.229452942701581 -5.0 12.0 40.0 10.0
13.229452942701581 -5.0 12.0 41.25 8.0
13.229452942701581 -5.0 12.0 41.25 9.0
13.229452942701581 -5.0 12.0 41.25 10.0
13.229452942701581 -5.0 12.0 42.5 8.0
13.229452942701581 -5.0 12.0 42.5 9.0
13.229452942701581 -5.0 12.0 42.5 10.0
13.229452942701581 -5.0 13.0 40.0 8.0
13.229452942701581 -5.0 13.0 40.0 9.0
13.229452942701581 -5.0 13.0 40.0 10.0
13.229452942701581 -5.0 13.0 41.25 8.0
13.229452942701581 -5.0 13.0 41.25 9.0
13.229452942701581 -5.0 13.0 41.25 10.0
13.229452942701581 -5.0 13.0 42.5 8.0
13.229452942701581 -5.0 13.0 42.5 9.0
13.229452942701581 -5.0 13.0 42.5 10.0
13.229452942701581 -3.75 11.0 40.0 8.0
13.229452942701581 -3.75 11.0 40.0 9.0
13.229452942701581 -3.75 11.0 40.0 10.0
13.229452942701581 -3.75 11.0 41.25 8.0
13.229452942701581 -3.75 11.0 41.25 9.0
13.229452942701581 -3.75 11.0 41.25 10.0
13.229452942701581 -3.75 11.0 42.5 8.0
13.229452942701581 -3.75 11.0 42.5 9.0
13.229452942701581 -3.75 11.0 42.5 10.0
13.229452942701581 -3.75 12.0 40.0 8.0
13.229452942701581 -3.75 12.0 40.0 9.0
13.229452942701581 -3.75 12.0 40.0 10.0
13.229452942701581 -3.75 12.0 41.25 8.0
13.229452942701581 -3.75 12.0 41.25 9.0
13.229452942701581 -3.75 12.0 41.25 10.0
13.229452942701581 -3.75 12.0 42.5 8.0
13.229452942701581 -3.75 12.0 42.5 9.0
13.229452942701581 -3.75 12.0 42.5 10.0
13.229452942701581 -3.75 13.0 40.0 8.0
13.229452942701581 -3.75 13.0 40.0 9.0
13.229452942701581 -3.75 13.0 40.0 10.0
13.229452942701581 -3.75 13.0 41.25 8.0
13.229452942701581 -3.75 13.0 41.25 9.0
13.229452942701581 -3.75 13.0 41.25 10.0
13.229452942701581 -3.75 13.0 42.5 8.0
13.229452942701581 -3.75 13.0 42.5 9.0
13.229452942701581 -3.75 13.0 42.5 10.0
13.229452942701581 -2.5 11.0 40.0 8.0
13.229452942701581 -2.5 11.0 40.0 9.0
13.229452942701581 -2.5 11.0 40.0 10.0
13.229452942701581 -2.5 11.0 41.25 8.0
13.229452942701581 -2.5 11.0 41.25 9.0
13.229452942701581 -2.5 11.0 41.25 10.0
13.229452942701581 -2.5 11.0 42.5 8.0
13.229452942701581 -2.5 11.0 42.5 9.0
13.229452942701581 -2.5 11.0 42.5 10.0
13.229452942701581 -2.5 12.0 40.0 8.0
13.229452942701581 -2.5 12.0 40.0 9.0
13.229452942701581 -2.5 12.0 40.0 10.0
13.229452942701581 -2.5 12.0 41.25 8.0
13.229452942701581 -2.5 12.0 41.25 9.0
13.229452942701581 -2.5 12.0 41.25 10.0
13.229452942701581 -2.5 12.0 42.5 8.0
13.229452942701581 -2.5 12.0 42.5 9.0
13.229452942701581 -2.5 12.0 42.5 10.0
13.229452942701581 -2.5 13.0 40.0 8.0
13.229452942701581 -2.5 13.0 40.0 9.0
13.229452942701581 -2.5 13.0 40.0 10.0
13.229452942701581 -2.5 13.0 41.25 8.0
13.229452942701581 -2.5 13.0 41.25 9.0
13.229452942701581 -2.5 13.0 41.25 10.0
13.229452942701581 -2.5 13.0 42.5 8.0
13.229452942701581 -2.5 13.0 42.5 9.0
13.229452942701581 -2.5 13.0 42.5 10.0
13.470832253046408 -5.0 11.0 40.0 8.0
13.470832253046408 -5.0 11.0 40.0 9.0
13.470832253046408 -5.0 11.0 40.0 10.0
13.470832253046408 -5.0 11.0 41.25 8.0
13.470832253046408 -5.0 11.0 41.25 9.0
13.470832253046408 -5.0 11.0 41.25 10.0
13.470832253046408 -5.0 11.0 42.5 8.0
13.470832253046408 -5.0 11.0 42.5 9.0
13.470832253046408 -5.0 11.0 42.5 10.0
13.470832253046408 -5.0 12.0 40.0 8.0
13.470832253046408 -5.0 12.0 40.0 9.0
13.470832253046408 -5.0 12.0 40.0 10.0
13.470832253046408 -5.0 12.0 41.25 8.0
13.470832253046408 -5.0 12.0 41.25 9.0
13.470832253046408 -5.0 12.0 41.25 10.0
13.470832253046408 -5.0 12.0 42.5 8.0
13.470832253046408 -5.0 12.0 42.5 9.0
13.470832253046408 -5.0 12.0 42.5 10.0
13.470832253046408 -5.0 13.0 40.0 8.0
13.470832253046408 -5.0 13.0 40.0 9.0
13.470832253046408 -5.0 13.0 40.0 10.0
13.470832253046408 -5.0 13.0 41.25 8.0
13.470832253046408 -5.0 13.0 41.25 9.0
13.470832253046408 -5.0 13.0 41.25 10.0
13.470832253046408 -5.0 13.0 42.5 8.0
13.470832253046408 -5.0 13.0 42.5 9.0
13.470832253046408 -5.0 13.0 42.5 10.0
13.470832253046408 -3.75 11.0 40.0 8.0
13.470832253046408 -3.75 11.0 40.0 9.0
13.470832253046408 -3.75 11.0 40.0 10.0
13.470832253046408 -3.75 11.0 41.25 8.0
13.470832253046408 -3.75 11.0 41.25 9.0
13.470832253046408 -3.75 11.0 41.25 10.0
13.470832253046408 -3.75 11.0 42.5 8.0
13.470832253046408 -3.75 11.0 42.5 9.0
13.470832253046408 -3.75 11.0 42.5 10.0
13.470832253046408 -3.75 12.0 40.0 8.0
13.470832253046408 -3.75 12.0 40.0 9.0
13.470832253046408 -3.75 12.0 40.0 10.0
13.470832253046408 -3.75 12.0 41.25 8.0
13.470832253046408 -3.75 12.0 41.25 9.0
13.470832253046408 -3.75 12.0 41.25 10.0
13.470832253046408 -3.75 12.0 42.5 8.0
13.470832253046408 -3.75 12.0 42.5 9.0
13.470832253046408 -3.75 12.0 42.5 10.0
13.470832253046408 -3.75 13.0 40.0 8.0
13.470832253046408 -3.75 13.0 40.0 9.0
13.470832253046408 -3.75 13.0 40.0 10.0
13.470832253046408 -3.75 13.0 41.25 8.0
13.470832253046408 -3.75 13.0 41.25 9.0
13.470832253046408 -3.75 13.0 41.25 10.0
13.470832253046408 -3.75 13.0 42.5 8.0
13.470832253046408 -3.75 13.0 42.5 9.0
13.470832253046408 -3.75 13.0 42.5 10.0
13.470832253046408 -2.5 11.0 40.0 8.0
13.470832253046408 -2.5 11.0 40.0 9.0
13.470832253046408 -2.5 11.0 40.0 10.0
13.470832253046408 -2.5 11.0 41.25 8.0
13.470832253046408 -2.5 11.0 41.25 9.0
13.470832253046408 -2.5 11.0 41.25 10.0
13.470832253046408 -2.5 11.0 42.5 8.0
13.470832253046408 -2.5 11.0 42.5 9.0
13.470832253046408 -2.5 11.0 42.5 10.0
13.470832253046408 -2.5 12.0 40.0 8.0
13.470832253046408 -2.5 12.0 40.0 9.0
13.470832253046408 -2.5 12.0 40.0 10.0
13.470832253046408 -2.5 12.0 41.25 8.0
13.470832253046408 -2.5 12.0 41.25 9.0
13.470832253046408 -2.5 12.0 41.25 10.0
13.470832253046408 -2.5 12.0 42.5 8.0
13.470832253046408 -2.5 12.0 42.5 9.0
13.470832253046408 -2.5 12.0 42.5 10.0
13.470832253046408 -2.5 13.0 40.0 8.0
13.470832253046408 -2.5 13.0 40.0 9.0
13.470832253046408 -2.5 13.0 40.0 10.0
13.470832253046408 -2.5 13.0 41.25 8.0
13.470832253046408 -2.5 13.0 41.25 9.0
13.470832253046408 -2.5 13.0 41.25 10.0
13.470832253046408 -2.5 13.0 42.5 8.0
13.470832253046408 -2.5 13.0 42.5 9.0
13.470832253046408 -2.5 13.0 42.5 10.0
13.712211563391236 -5.0 11.0 40.0 8.0
13.712211563391236 -5.0 11.0 40.0 9.0
13.712211563391236 -5.0 11.0 40.0 10.0
13.712211563391236 -5.0 11.0 41.25 8.0
13.712211563391236 -5.0 11.0 41.25 9.0
13.712211563391236 -5.0 11.0 41.25 10.0
13.712211563391236 -5.0 11.0 42.5 8.0
13.712211563391236 -5.0 11.0 42.5 9.0
13.712211563391236 -5.0 11.0 42.5 10.0
13.712211563391236 -5.0 12.0 40.0 8.0
13.712211563391236 -5.0 12.0 40.0 9.0
13.712211563391236 -5.0 12.0 40.0 10.0
13.712211563391236 -5.0 12.0 41.25 8.0
13.712211563391236 -5.0 12.0 41.25 9.0
13.712211563391236 -5.0 12.0 41.25 10.0
13.712211563391236 -5.0 12.0 42.5 8.0
13.712211563391236 -5.0 12.0 42.5 9.0
13.712211563391236 -5.0 12.0 42.5 10.0
13.712211563391236 -5.0 13.0 40.0 8.0
13.712211563391236 -5.0 13.0 40.0 9.0
13.712211563391236 -5.0 13.0 40.0 10.0
13.712211563391236 -5.0 13.0 41.25 8.0
13.712211563391236 -5.0 13.0 41.25 9.0
13.712211563391236 -5.0 13.0 41.25 10.0
13.712211563391236 -5.0 13.0 42.5 8.0
13.712211563391236 -5.0 13.0 42.5 9.0
13.712211563391236 -5.0 13.0 42.5 10.0
13.712211563391236 -3.75 11.0 40.0 8.0
13.712211563391236 -3.75 11.0 40.0 9.0
13.712211563391236 -3.75 11.0 40.0 10.0
13.712211563391236 -3.75 11.0 41.25 8.0
13.712211563391236 -3.75 11.0 41.25 9.0
13.712211563391236 -3.75 11.0 41.25 10.0
13.712211563391236 -3.75 11.0 42.5 8.0
13.712211563391236 -3.75 11.0 42.5 9.0
13.712211563391236 -3.75 11.0 42.5 10.0
13.712211563391236 -3.75 12.0 40.0 8.0
13.712211563391236 -3.75 12.0 40.0 9.0
13.712211563391236 -3.75 12.0 40.0 10.0
13.712211563391236 -3.75 12.0 41.25 8.0
13.712211563391236 -3.75 12.0 41.25 9.0
13.712211563391236 -3.75 12.0 41.25 10.0
13.712211563391236 -3.75 12.0 42.5 8.0
13.712211563391236 -3.75 12.0 42.5 9.0
13.712211563391236 -3.75 12.0 42.5 10.0
13.712211563391236 -3.75 13.0 40.0 8.0
13.712211563391236 -3.75 13.0 40.0 9.0
13.712211563391236 -3.75 13.0 40.0 10.0
13.712211563391236 -3.75 13.0 41.25 8.0
13.712211563391236 -3.75 13.0 41.25 9.0
13.712211563391236 -3.75 13.0 41.25 10.0
13.712211563391236 -3.75 13.0 42.5 8.0
13.712211563391236 -3.75 13.0 42.5 9.0
13.712211563391236 -3.75 13.0 42.5 10.0
13.712211563391236 -2.5 11.0 40.0 8.0
13.712211563391236 -2.5 11.0 40.0 9.0
13.712211563391236 -2.5 11.0 40.0 10.0
13.712211563391236 -2.5 11.0 41.25 8.0
13.712211563391236 -2.5 11.0 41.25 9.0
13.712211563391236 -2.5 11.0 41.25 10.0
13.712211563391236 -2.5 11.0 42.5 8.0
13.712211563391236 -2.5 11.0 42.5 9.0
13.712211563391236 -2.5 11.0 42.5 10.0
13.712211563391236 -2.5 12.0 40.0 8.0
13.712211563391236 -2.5 12.0 40.0 9.0
13.712211563391236 -2.5 12.0 40.0 10.0
13.712211563391236 -2.5 12.0 41.25 8.0
13.712211563391236 -2.5 12.0 41.25 9.0
13.712211563391236 -2.5 12.0 41.25 10.0
13.712211563391236 -2.5 12.0 42.5 8.0
13.712211563391236 -2.5 12.0 42.5 9.0
13.712211563391236 -2.5 12.0 42.5 10.0
13.712211563391236 -2.5 13.0 40.0 8.0
13.712211563391236 -2.5 13.0 40.0 9.0
13.712211563391236 -2.5 13.0 40.0 10.0
13.712211563391236 -2.5 13.0 41.25 8.0
13.712211563391236 -2.5 13.0 41.25 9.0
13.712211563391236 -2.5 13.0 41.25 10.0
13.712211563391236 -2.5 13.0 42.5 8.0
13.712211563391236 -2.5 13.0 42.5 9.0
13.712211563391236 -2.5 13.0 42.5 10.0
13.953590873736063 -5.0 11.0 40.0 8.0
13.953590873736063 -5.0 11.0 40.0 9.0
13.953590873736063 -5.0 11.0 40.0 10.0
13.953590873736063 -5.0 11.0 41.25 8.0
13.953590873736063 -5.0 11.0 41.25 9.0
13.953590873736063 -5.0 11.0 41.25 10.0
13.953590873736063 -5.0 11.0 42.5 8.0
13.953590873736063 -5.0 11.0 42.5 9.0
13.953590873736063 -5.0 11.0 42.5 10.0
13.953590873736063 -5.0 12.0 40.0 8.0
13.953590873736063 -5.0 12.0 40.0 9.0
13.953590873736063 -5.0 12.0 40.0 10.0
13.953590873736063 -5.0 12.0 41.25 8.0
13.953590873736063 -5.0 12.0 41.25 9.0
13.953590873736063 -5.0 12.0 41.25 10.0
13.953590873736063 -5.0 12.0 42.5 8.0
13.953590873736063 -5.0 12.0 42.5 9.0
13.953590873736063 -5.0 12.0 42.5 10.0
13.953590873736063 -5.0 13.0 40.0 8.0
13.953590873736063 -5.0 13.0 40.0 9.0
13.953590873736063 -5.0 13.0 40.0 10.0
13.953590873736063 -5.0 13.0 41.25 8.0
13.953590873736063 -5.0 13.0 41.25 9.0
13.953590873736063 -5.0 13.0 41.25 10.0
13.953590873736063 -5.0 13.0 42.5 8.0
13.953590873736063 -5.0 13.0 42.5 9.0
13.953590873736063 -5.0 13.0 42.5 10.0
13.953590873736063 -3.75 11.0 40.0 8.0
13.953590873736063 -3.75 11.0 40.0 9.0
13.953590873736063 -3.75 11.0 40.0 10.0
13.953590873736063 -3.75 11.0 41.25 8.0
13.953590873736063 -3.75 11.0 41.25 9.0
13.953590873736063 -3.75 11.0 41.25 10.0
13.953590873736063 -3.75 11.0 42.5 8.0
13.953590873736063 -3.75 11.0 42.5 9.0
13.953590873736063 -3.75 11.0 42.5 10.0
13.953590873736063 -3.75 12.0 40.0 8.0
13.953590873736063 -3.75 12.0 40.0 9.0
13.953590873736063 -3.75 12.0 40.0 10.0
13.953590873736063 -3.75 12.0 41.25 8.0
13.953590873736063 -3.75 12.0 41.25 9.0
13.953590873736063 -3.75 12.0 41.25 10.0
13.953590873736063 -3.75 12.0 42.5 8.0
13.953590873736063 -3.75 12.0 42.5 9.0
13.953590873736063 -3.75 12.0 42.5 10.0
13.953590873736063 -3.75 13.0 40.0 8.0
13.953590873736063 -3.75 13.0 40.0 9.0
13.953590873736063 -3.75 13.0 40.0 10.0
13.953590873736063 -3.75 13.0 41.25 8.0
13.953590873736063 -3.75 13.0 41.25 9.0
13.953590873736063 -3.75 13.0 41.25 10.0
13.953590873736063 -3.75 13.0 42.5 8.0
13.953590873736063 -3.75 13.0 42.5 9.0
13.953590873736063 -3.75 13.0 42.5 10.0
13.953590873736063 -2.5 11.0 40.0 8.0
13.953590873736063 -2.5 11.0 40.0 9.0
13.953590873736063 -2.5 11.0 40.0 10.0
13.953590873736063 -2.5 11.0 41.25 8.0
13.953590873736063 -2.5 11.0 41.25 9.0
13.953590873736063 -2.5 11.0 41.25 10.0
13.953590873736063 -2.5 11.0 42.5 8.0
13.953590873736063 -2.5 11.0 42.5 9.0
13.953590873736063 -2.5 11.0 42.5 10.0
13.953590873736063 -2.5 12.0 40.0 8.0
13.953590873736063 -2.5 12.0 40.0 9.0
13.953590873736063 -2.5 12.0 40.0 10.0
13.953590873736063 -2.5 12.0 41.25 8.0
13.953590873736063 -2.5 12.0 41.25 9.0
13.953590873736063 -2.5 12.0 41.25 10.0
13.953590873736063 -2.5 12.0 42.5 8.0
13.953590873736063 -2.5 12.0 42.5 9.0
13.953590873736063 -2.5 12.0 42.5 10.0
13.953590873736063 -2.5 13.0 40.0 8.0
13.953590873736063 -2.5 13.0 40.0 9.0
13.953590873736063 -2.5 13.0 40.0 10.0
13.953590873736063 -2.5 13.0 41.25 8.0
13.953590873736063 -2.5 13.0 41.25 9.0
13.953590873736063 -2.5 13.0 41.25 10.0
13.953590873736063 -2.5 13.0 42.5 8.0
13.953590873736063 -2.5 13.0 42.5 9.0
13.953590873736063 -2.5 13.0 42.5 10.0
14.19497018408089 -5.0 11.0 40.0 8.0
14.19497018408089 -5.0 11.0 40.0 9.0
14.19497018408089 -5.0 11.0 40.0 10.0
14.19497018408089 -5.0 11.0 41.25 8.0
14.19497018408089 -5.0 11.0 41.25 9.0
14.19497018408089 -5.0 11.0 41.25 10.0
14.19497018408089 -5.0 11.0 42.5 8.0
14.19497018408089 -5.0 11.0 42.5 9.0
14.19497018408089 -5.0 11.0 42.5 10.0
14.19497018408089 -5.0 12.0 40.0 8.0
14.19497018408089 -5.0 12.0 40.0 9.0
14.19497018408089 -5.0 12.0 40.0 10.0
14.19497018408089 -5.0 12.0 41.25 8.0
14.19497018408089 -5.0 12.0 41.25 9.0
14.19497018408089 -5.0 12.0 41.25 10.0
14.19497018408089 -5.0 12.0 42.5 8.0
14.19497018408089 -5.0 12.0 42.5 9.0
14.19497018408089 -5.0 12.0 42.5 10.0
14.19497018408089 -5.0 13.0 40.0 8.0
14.19497018408089 -5.0 13.0 40.0 9.0
14.19497018408089 -5.0 13.0 40.0 10.0
14.19497018408089 -5.0 13.0 41.25 8.0
14.19497018408089 -5.0 13.0 41.25 9.0
14.19497018408089 -5.0 13.0 41.25 10.0
14.19497018408089 -5.0 13.0 42.5 8.0
14.19497018408089 -5.0 13.0 42.5 9.0
14.19497018408089 -5.0 13.0 42.5 10.0
14.19497018408089 -3.75 11.0 40.0 8.0
14.19497018408089 -3.75 11.0 40.0 9.0
14.19497018408089 -3.75 11.0 40.0 10.0
14.19497018408089 -3.75 11.0 41.25 8.0
14.19497018408089 -3.75 11.0 41.25 9.0
14.19497018408089 -3.75 11.0 41.25 10.0
14.19497018408089 -3.75 11.0 42.5 8.0
14.19497018408089 -3.75 11.0 42.5 9.0
14.19497018408089 -3.75 11.0 42.5 10.0
14.19497018408089 -3.75 12.0 40.0 8.0
14.19497018408089 -3.75 12.0 40.0 9.0
14.19497018408089 -3.75 12.0 40.0 10.0
14.19497018408089 -3.75 12.0 41.25 8.0
14.19497018408089 -3.75 12.0 41.25 9.0
14.19497018408089 -3.75 12.0 41.25 10.0
14.19497018408089 -3.75 12.0 42.5 8.0
14.19497018408089 -3.75 12.0 42.5 9.0
14.19497018408089 -3.75 12.0 42.5 10.0
14.19497018408089 -3.75 13.0 40.0 8.0
14.19497018408089 -3.75 13.0 40.0 9.0
14.19497018408089 -3.75 13.0 40.0 10.0
14.19497018408089 -3.75 13.0 41.25 8.0
14.19497018408089 -3.75 13.0 41.25 9.0
14.19497018408089 -3.75 13.0 41.25 10.0
14.19497018408089 -3.75 13.0 42.5 8.0
14.19497018408089 -3.75 13.0 42.5 9.0
14.19497018408089 -3.75 13.0 42.5 10.0
14.19497018408089 -2.5 11.0 40.0 8.0
14.19497018408089 -2.5 11.0 40.0 9.0
14.19497018408089 -2.5 11.0 40.0 10.0
14.19497018408089 -2.5 11.0 41.25 8.0
14.19497018408089 -2.5 11.0 41.25 9.0
14.19497018408089 -2.5 11.0 41.25 10.0
14.19497018408089 -2.5 11.0 42.5 8.0
14.19497018408089 -2.5 11.0 42.5 9.0
14.19497018408089 -2.5 11.0 42.5 10.0
14.19497018408089 -2.5 12.0 40.0 8.0
14.19497018408089 -2.5 12.0 40.0 9.0
14.19497018408089 -2.5 12.0 40.0 10.0
14.19497018408089 -2.5 12.0 41.25 8.0
14.19497018408089 -2.5 12.0 41.25 9.0
14.19497018408089 -2.5 12.0 41.25 10.0
14.19497018408089 -2.5 12.0 42.5 8.0
14.19497018408089 -2.5 12.0 42.5 9.0
14.19497018408089 -2.5 12.0 42.5 10.0
14.19497018408089 -2.5 13.0 40.0 8.0
14.19497018408089 -2.5 13.0 40.0 9.0
14.19497018408089 -2.5 13.0 40.0 10.0
14.19497018408089 -2.5 13.0 41.25 8.0
14.19497018408089 -2.5 13.0 41.25 9.0
14.19497018408089 -2.5 13.0 41.25 10.0
14.19497018408089 -2.5 13.0 42.5 8.0
14.19497018408089 -2.5 13.0 42.5 9.0
14.19497018408089 -2.5 13.0 42.5 10.0
14.436349494425718 -5.0 11.0 40.0 8.0
14.436349494425718 -5.0 11.0 40.0 9.0
14.436349494425718 -5.0 11.0 40.0 10.0
14.436349494425718 -5.0 11.0 41.25 8.0
14.436349494425718 -5.0 11.0 41.25 9.0
14.436349494425718 -5.0 11.0 41.25 10.0
14.436349494425718 -5.0 11.0 42.5 8.0
14.436349494425718 -5.0 11.0 42.5 9.0
14.436349494425718 -5.0 11.0 42.5 10.0
14.436349494425718 -5.0 12.0 40.0 8.0
14.436349494425718 -5.0 12.0 40.0 9.0
14.436349494425718 -5.0 12.0 40.0 10.0
14.436349494425718 -5.0 12.0 41.25 8.0
14.436349494425718 -5.0 12.0 41.25 9.0
14.436349494425718 -5.0 12.0 41.25 10.0
14.436349494425718 -5.0 12.0 42.5 8.0
14.436349494425718 -5.0 12.0 42.5 9.0
14.436349494425718 -5.0 12.0 42.5 10.0
14.436349494425718 -5.0 13.0 40.0 8.0
14.436349494425718 -5.0 13.0 40.0 9.0
14.436349494425718 -5.0 13.0 40.0 10.0
14.436349494425718 -5.0 13.0 41.25 8.0
14.436349494425718 -5.0 13.0 41.25 9.0
14.436349494425718 -5.0 13.0 41.25 10.0
14.436349494425718 -5.0 13.0 42.5 8.0
14.436349494425718 -5.0 13.0 42.5 9.0
14.436349494425718 -5.0 13.0 42.5 10.0
14.436349494425718 -3.75 11.0 40.0 8.0
14.436349494425718 -3.75 11.0 40.0 9.0
14.436349494425718 -3.75 11.0 40.0 10.0
14.436349494425718 -3.75 11.0 41.25 8.0
14.436349494425718 -3.75 11.0 41.25 9.0
14.436349494425718 -3.75 11.0 41.25 10.0
14.436349494425718 -3.75 11.0 42.5 8.0
14.436349494425718 -3.75 11.0 42.5 9.0
14.436349494425718 -3.75 11.0 42.5 10.0
14.436349494425718 -3.75 12.0 40.0 8.0
14.436349494425718 -3.75 12.0 40.0 9.0
14.436349494425718 -3.75 12.0 40.0 10.0
14.436349494425718 -3.75 12.0 41.25 8.0
14.436349494425718 -3.75 12.0 41.25 9.0
14.436349494425718 -3.75 12.0 41.25 10.0
14.436349494425718 -3.75 12.0 42.5 8.0
14.436349494425718 -3.75 12.0 42.5 9.0
14.436349494425718 -3.75 12.0 42.5 10.0
14.436349494425718 -3.75 13.0 40.0 8.0
14.436349494425718 -3.75 13.0 40.0 9.0
14.436349494425718 -3.75 13.0 40.0 10.0
14.436349494425718 -3.75 13.0 41.25 8.0
14.436349494425718 -3.75 13.0 41.25 9.0
14.436349494425718 -3.75 13.0 41.25 10.0
14.436349494425718 -3.75 13.0 42.5 8.0
14.436349494425718 -3.75 13.0 42.5 9.0
14.436349494425718 -3.75 13.0 42.5 10.0
14.436349494425718 -2.5 11.0 40.0 8.0
14.436349494425718 -2.5 11.0 40.0 9.0
14.436349494425718 -2.5 11.0 40.0 10.0
14.436349494425718 -2.5 11.0 41.25 8.0
14.436349494425718 -2.5 11.0 41.25 9.0
14.436349494425718 -2.5 11.0 41.25 10.0
14.436349494425718 -2.5 11.0 42.5 8.0
14.436349494425718 -2.5 11.0 42.5 9.0
14.436349494425718 -2.5 11.0 42.5 10.0
14.436349494425718 -2.5 12.0 40.0 8.0
14.436349494425718 -2.5 12.0 40.0 9.0
14.436349494425718 -2.5 12.0 40.0 10.0
14.436349494425718 -2.5 12.0 41.25 8.0
14.436349494425718 -2.5 12.0 41.25 9.0
14.436349494425718 -2.5 12.0 41.25 10.0
14.436349494425718 -2.5 12.0 42.5 8.0
14.436349494425718 -2.5 12.0 42.5 9.0
14.436349494425718 -2.5 12.0 42.5 10.0
14.436349494425718 -2.5 13.0 40.0 8.0
14.436349494425718 -2.5 13.0 40.0 9.0
14.436349494425718 -2.5 13.0 40.0 10.0
14.436349494425718 -2.5 13.0 41.25 8.0
14.436349494425718 -2.5 13.0 41.25 9.0
14.436349494425718 -2.5 13.0 41.25 10.0
14.436349494425718 -2.5 13.0 42.5 8.0
14.436349494425718 -2.5 13.0 42.5 9.0
14.436349494425718 -2.5 13.0 42.5 10.0
14.677728804770545 -5.0 11.0 40.0 8.0
14.677728804770545 -5.0 11.0 40.0 9.0
14.677728804770545 -5.0 11.0 40.0 10.0
14.677728804770545 -5.0 11.0 41.25 8.0
14.677728804770545 -5.0 11.0 41.25 9.0
14.677728804770545 -5.0 11.0 41.25 10.0
14.677728804770545 -5.0 11.0 42.5 8.0
14.677728804770545 -5.0 11.0 42.5 9.0
14.677728804770545 -5.0 11.0 42.5 10.0
14.677728804770545 -5.0 12.0 40.0 8.0
14.677728804770545 -5.0 12.0 40.0 9.0
14.677728804770545 -5.0 12.0 40.0 10.0
14.677728804770545 -5.0 12.0 41.25 8.0
14.677728804770545 -5.0 12.0 41.25 9.0
14.677728804770545 -5.0 12.0 41.25 10.0
14.677728804770545 -5.0 12.0 42.5 8.0
14.677728804770545 -5.0 12.0 42.5 9.0
14.677728804770545 -5.0 12.0 42.5 10.0
14.677728804770545 -5.0 13.0 40.0 8.0
14.677728804770545 -5.0 13.0 40.0 9.0
14.677728804770545 -5.0 13.0 40.0 10.0
14.677728804770545 -5.0 13.0 41.25 8.0
14.677728804770545 -5.0 13.0 41.25 9.0
14.677728804770545 -5.0 13.0 41.25 10.0
14.677728804770545 -5.0 13.0 42.5 8.0
14.677728804770545 -5.0 13.0 42.5 9.0
14.677728804770545 -5.0 13.0 42.5 10.0
14.677728804770545 -3.75 11.0 40.0 8.0
14.677728804770545 -3.75 11.0 40.0 9.0
14.677728804770545 -3.75 11.0 40.0 10.0
14.677728804770545 -3.75 11.0 41.25 8.0
14.677728804770545 -3.75 11.0 41.25 9.0
14.677728804770545 -3.75 11.0 41.25 10.0
14.677728804770545 -3.75 11.0 42.5 8.0
14.677728804770545 -3.75 11.0 42.5 9.0
14.677728804770545 -3.75 11.0 42.5 10.0
14.677728804770545 -3.75 12.0 40.0 8.0
14.677728804770545 -3.75 12.0 40.0 9.0
14.677728804770545 -3.75 12.0 40.0 10.0
14.677728804770545 -3.75 12.0 41.25 8.0
14.677728804770545 -3.75 12.0 41.25 9.0
14.677728804770545 -3.75 12.0 41.25 10.0
14.677728804770545 -3.75 12.0 42.5 8.0
14.677728804770545 -3.75 12.0 42.5 9.0
14.677728804770545 -3.75 12.0 42.5 10.0
14.677728804770545 -3.75 13.0 40.0 8.0
14.677728804770545 -3.75 13.0 40.0 9.0
14.677728804770545 -3.75 13.0 40.0 10.0
14.677728804770545 -3.75 13.0 41.25 8.0
14.677728804770545 -3.75 13.0 41.25 9.0
14.677728804770545 -3.75 13.0 41.25 10.0
14.677728804770545 -3.75 13.0 42.5 8.0
14.677728804770545 -3.75 13.0 42.5 9.0
14.677728804770545 -3.75 13.0 42.5 10.0
14.677728804770545 -2.5 11.0 40.0 8.0
14.677728804770545 -2.5 11.0 40.0 9.0
14.677728804770545 -2.5 11.0 40.0 10.0
14.677728804770545 -2.5 11.0 41.25 8.0
14.677728804770545 -2.5 11.0 41.25 9.0
14.677728804770545 -2.5 11.0 41.25 10.0
14.677728804770545 -2.5 11.0 42.5 8.0
14.677728804770545 -2.5 11.0 42.5 9.0
14.677728804770545 -2.5 11.0 42.5 10.0
14.677728804770545 -2.5 12.0 40.0 8.0
14.677728804770545 -2.5 12.0 40.0 9.0
14.677728804770545 -2.5 12.0 40.0 10.0
14.677728804770545 -2.5 12.0 41.25 8.0
14.677728804770545 -2.5 12.0 41.25 9.0
14.677728804770545 -2.5 12.0 41.25 10.0
14.677728804770545 -2.5 12.0 42.5 8.0
14.677728804770545 -2.5 12.0 42.5 9.0
14.677728804770545 -2.5 12.0 42.5 10.0
14.677728804770545 -2.5 13.0 40.0 8.0
14.677728804770545 -2.5 13.0 40.0 9.0
14.677728804770545 -2.5 13.0 40.0 10.0
14.677728804770545 -2.5 13.0 41.25 8.0
14.677728804770545 -2.5 13.0 41.25 9.0
14.677728804770545 -2.5 13.0 41.25 10.0
14.677728804770545 -2.5 13.0 42.5 8.0
14.677728804770545 -2.5 13.0 42.5 9.0
14.677728804770545 -2.5 13.0 42.5 10.0
14.919108115115373 -5.0 11.0 40.0 8.0
14.919108115115373 -5.0 11.0 40.0 9.0
14.919108115115373 -5.0 11.0 40.0 10.0
14.919108115115373 -5.0 11.0 41.25 8.0
14.919108115115373 -5.0 11.0 41.25 9.0
14.919108115115373 -5.0 11.0 41.25 10.0
14.919108115115373 -5.0 11.0 42.5 8.0
14.919108115115373 -5.0 11.0 42.5 9.0
14.919108115115373 -5.0 11.0 42.5 10.0
14.919108115115373 -5.0 12.0 40.0 8.0
14.919108115115373 -5.0 12.0 40.0 9.0
14.919108115115373 -5.0 12.0 40.0 10.0
14.919108115115373 -5.0 12.0 41.25 8.0
14.919108115115373 -5.0 12.0 41.25 9.0
14.919108115115373 -5.0 12.0 41.25 10.0
14.919108115115373 -5.0 12.0 42.5 8.0
14.919108115115373 -5.0 12.0 42.5 9.0
14.919108115115373 -5.0 12.0 42.5 10.0
14.919108115115373 -5.0 13.0 40.0 8.0
14.919108115115373 -5.0 13.0 40.0 9.0
14.919108115115373 -5.0 13.0 40.0 10.0
14.919108115115373 -5.0 13.0 41.25 8.0
14.919108115115373 -5.0 13.0 41.25 9.0
14.919108115115373 -5.0 13.0 41.25 10.0
14.919108115115373 -5.0 13.0 42.5 8.0
14.919108115115373 -5.0 13.0 42.5 9.0
14.919108115115373 -5.0 13.0 42.5 10.0
14.919108115115373 -3.75 11.0 40.0 8.0
14.919108115115373 -3.75 11.0 40.0 9.0
14.919108115115373 -3.75 11.0 40.0 10.0
14.919108115115373 -3.75 11.0 41.25 8.0
14.919108115115373 -3.75 11.0 41.25 9.0
14.919108115115373 -3.75 11.0 41.25 10.0
14.919108115115373 -3.75 11.0 42.5 8.0
14.919108115115373 -3.75 11.0 42.5 9.0
14.919108115115373 -3.75 11.0 42.5 10.0
14.919108115115373 -3.75 12.0 40.0 8.0
14.919108115115373 -3.75 12.0 40.0 9.0
14.919108115115373 -3.75 12.0 40.0 10.0
14.919108115115373 -3.75 12.0 41.25 8.0
14.919108115115373 -3.75 12.0 41.25 9.0
14.919108115115373 -3.75 12.0 41.25 10.0
14.919108115115373 -3.75 12.0 42.5 8.0
14.919108115115373 -3.75 12.0 42.5 9.0
14.919108115115373 -3.75 12.0 42.5 10.0
14.919108115115373 -3.75 13.0 40.0 8.0
14.919108115115373 -3.75 13.0 40.0 9.0
14.919108115115373 -3.75 13.0 40.0 10.0
14.919108115115373 -3.75 13.0 41.25 8.0
14.919108115115373 -3.75 13.0 41.25 9.0
14.919108115115373 -3.75 13.0 41.25 10.0
14.919108115115373 -3.75 13.0 42.5 8.0
14.919108115115373 -3.75 13.0 42.5 9.0
14.919108115115373 -3.75 13.0 42.5 10.0
14.919108115115373 -2.5 11.0 40.0 8.0
14.919108115115373 -2.5 11.0 40.0 9.0
14.919108115115373 -2.5 11.0 40.0 10.0
14.919108115115373 -2.5 11.0 41.25 8.0
14.919108115115373 -2.5 11.0 41.25 9.0
14.919108115115373 -2.5 11.0 41.25 10.0
14.919108115115373 -2.5 11.0 42.5 8.0
14.919108115115373 -2.5 11.0 42.5 9.0
14.919108115115373 -2.5 11.0 42.5 10.0
14.919108115115373 -2.5 12.0 40.0 8.0
14.919108115115373 -2.5 12.0 40.0 9.0
14.919108115115373 -2.5 12.0 40.0 10.0
14.919108115115373 -2.5 12.0 41.25 8.0
14.919108115115373 -2.5 12.0 41.25 9.0
14.919108115115373 -2.5 12.0 41.25 10.0
14.919108115115373 -2.5 12.0 42.5 8.0
14.919108115115373 -2.5 12.0 42.5 9.0
14.919108115115373 -2.5 12.0 42.5 10.0
14.919108115115373 -2.5 13.0 40.0 8.0
14.919108115115373 -2.5 13.0 40.0 9.0
14.919108115115373 -2.5 13.0 40.0 10.0
14.919108115115373 -2.5 13.0 41.25 8.0
14.919108115115373 -2.5 13.0 41.25 9.0
14.919108115115373 -2.5 13.0 41.25 10.0
14.919108115115373 -2.5 13.0 42.5 8.0
14.919108115115373 -2.5 13.0 42.5 9.0
14.919108115115373 -2.5 13.0 42.5 10.0
15.1604874254602 -5.0 11.0 40.0 8.0
15.1604874254602 -5.0 11.0 40.0 9.0
15.1604874254602 -5.0 11.0 40.0 10.0
15.1604874254602 -5.0 11.0 41.25 8.0
15.1604874254602 -5.0 11.0 41.25 9.0
15.1604874254602 -5.0 11.0 41.25 10.0
15.1604874254602 -5.0 11.0 42.5 8.0
15.1604874254602 -5.0 11.0 42.5 9.0
15.1604874254602 -5.0 11.0 42.5 10.0
15.1604874254602 -5.0 12.0 40.0 8.0
15.1604874254602 -5.0 12.0 40.0 9.0
15.1604874254602 -5.0 12.0 40.0 10.0
15.1604874254602 -5.0 12.0 41.25 8.0
15.1604874254602 -5.0 12.0 41.25 9.0
15.1604874254602 -5.0 12.0 41.25 10.0
15.1604874254602 -5.0 12.0 42.5 8.0
15.1604874254602 -5.0 12.0 42.5 9.0
15.1604874254602 -5.0 12.0 42.5 10.0
15.1604874254602 -5.0 13.0 40.0 8.0
15.1604874254602 -5.0 13.0 40.0 9.0
15.1604874254602 -5.0 13.0 40.0 10.0
15.1604874254602 -5.0 13.0 41.25 8.0
15.1604874254602 -5.0 13.0 41.25 9.0
15.1604874254602 -5.0 13.0 41.25 10.0
15.1604874254602 -5.0 13.0 42.5 8.0
15.1604874254602 -5.0 13.0 42.5 9.0
15.1604874254602 -5.0 13.0 42.5 10.0
15.1604874254602 -3.75 11.0 40.0 8.0
15.1604874254602 -3.75 11.0 40.0 9.0
15.1604874254602 -3.75 11.0 40.0 10.0
15.1604874254602 -3.75 11.0 41.25 8.0
15.1604874254602 -3.75 11.0 41.25 9.0
15.1604874254602 -3.75 11.0 41.25 10.0
15.1604874254602 -3.75 11.0 42.5 8.0
15.1604874254602 -3.75 11.0 42.5 9.0
15.1604874254602 -3.75 11.0 42.5 10.0
15.1604874254602 -3.75 12.0 40.0 8.0
15.1604874254602 -3.75 12.0 40.0 9.0
15.1604874254602 -3.75 12.0 40.0 10.0
15.1604874254602 -3.75 12.0 41.25 8.0
15.1604874254602 -3.75 12.0 41.25 9.0
15.1604874254602 -3.75 12.0 41.25 10.0
15.1604874254602 -3.75 12.0 42.5 8.0
15.1604874254602 -3.75 12.0 42.5 9.0
15.1604874254602 -3.75 12.0 42.5 10.0
15.1604874254602 -3.75 13.0 40.0 8.0
15.1604874254602 -3.75 13.0 40.0 9.0
15.1604874254602 -3.75 13.0 40.0 10.0
15.1604874254602 -3.75 13.0 41.25 8.0
15.1604874254602 -3.75 13.0 41.25 9.0
15.1604874254602 -3.75 13.0 41.25 10.0
15.1604874254602 -3.75 13.0 42.5 8.0
15.1604874254602 -3.75 13.0 42.5 9.0
15.1604874254602 -3.75 13.0 42.5 10.0
15.1604874254602 -2.5 11.0 40.0 8.0
15.1604874254602 -2.5 11.0 40.0 9.0
15.1604874254602 -2.5 11.0 40.0 10.0
15.1604874254602 -2.5 11.0 41.25 8.0
15.1604874254602 -2.5 11.0 41.25 9.0
15.1604874254602 -2.5 11.0 41.25 10.0
15.1604874254602 -2.5 11.0 42.5 8.0
15.1604874254602 -2.5 11.0 42.5 9.0
15.1604874254602 -2.5 11.0 42.5 10.0
15.1604874254602 -2.5 12.0 40.0 8.0
15.1604874254602 -2.5 12.0 40.0 9.0
15.1604874254602 -2.5 12.0 40.0 10.0
15.1604874254602 -2.5 12.0 41.25 8.0
15.1604874254602 -2.5 12.0 41.25 9.0
15.1604874254602 -2.5 12.0 41.25 10.0
15.1604874254602 -2.5 12.0 42.5 8.0
15.1604874254602 -2.5 12.0 42.5 9.0
15.1604874254602 -2.5 12.0 42.5 10.0
15.1604874254602 -2.5 13.0 40.0 8.0
15.1604874254602 -2.5 13.0 40.0 9.0
15.1604874254602 -2.5 13.0 40.0 10.0
15.1604874254602 -2.5 13.0 41.25 8.0
15.1604874254602 -2.5 13.0 41.25 9.0
15.1604874254602 -2.5 13.0 41.25 10.0
15.1604874254602 -2.5 13.0 42.5 8.0
15.1604874254602 -2.5 13.0 42.5 9.0
15.1604874254602 -2.5 13.0 42.5 10.0
15.40186673580503 -5.0 11.0 40.0 8.0
15.40186673580503 -5.0 11.0 40.0 9.0
15.40186673580503 -5.0 11.0 40.0 10.0
15.40186673580503 -5.0 11.0 41.25 8.0
15.40186673580503 -5.0 11.0 41.25 9.0
15.40186673580503 -5.0 11.0 41.25 10.0
15.40186673580503 -5.0 11.0 42.5 8.0
15.40186673580503 -5.0 11.0 42.5 9.0
15.40186673580503 -5.0 11.0 42.5 10.0
15.40186673580503 -5.0 12.0 40.0 8.0
15.40186673580503 -5.0 12.0 40.0 9.0
15.40186673580503 -5.0 12.0 40.0 10.0
15.40186673580503 -5.0 12.0 41.25 8.0
15.40186673580503 -5.0 12.0 41.25 9.0
15.40186673580503 -5.0 12.0 41.25 10.0
15.40186673580503 -5.0 12.0 42.5 8.0
15.40186673580503 -5.0 12.0 42.5 9.0
15.40186673580503 -5.0 12.0 42.5 10.0
15.40186673580503 -5.0 13.0 40.0 8.0
15.40186673580503 -5.0 13.0 40.0 9.0
15.40186673580503 -5.0 13.0 40.0 10.0
15.40186673580503 -5.0 13.0 41.25 8.0
15.40186673580503 -5.0 13.0 41.25 9.0
15.40186673580503 -5.0 13.0 41.25 10.0
15.40186673580503 -5.0 13.0 42.5 8.0
15.40186673580503 -5.0 13.0 42.5 9.0
15.40186673580503 -5.0 13.0 42.5 10.0
15.40186673580503 -3.75 11.0 40.0 8.0
15.40186673580503 -3.75 11.0 40.0 9.0
15.40186673580503 -3.75 11.0 40.0 10.0
15.40186673580503 -3.75 11.0 41.25 8.0
15.40186673580503 -3.75 11.0 41.25 9.0
15.40186673580503 -3.75 11.0 41.25 10.0
15.40186673580503 -3.75 11.0 42.5 8.0
15.40186673580503 -3.75 11.0 42.5 9.0
15.40186673580503 -3.75 11.0 42.5 10.0
15.40186673580503 -3.75 12.0 40.0 8.0
15.40186673580503 -3.75 12.0 40.0 9.0
15.40186673580503 -3.75 12.0 40.0 10.0
15.40186673580503 -3.75 12.0 41.25 8.0
15.40186673580503 -3.75 12.0 41.25 9.0
15.40186673580503 -3.75 12.0 41.25 10.0
15.40186673580503 -3.75 12.0 42.5 8.0
15.40186673580503 -3.75 12.0 42.5 9.0
15.40186673580503 -3.75 12.0 42.5 10.0
15.40186673580503 -3.75 13.0 40.0 8.0
15.40186673580503 -3.75 13.0 40.0 9.0
15.40186673580503 -3.75 13.0 40.0 10.0
15.40186673580503 -3.75 13.0 41.25 8.0
15.40186673580503 -3.75 13.0 41.25 9.0
15.40186673580503 -3.75 13.0 41.25 10.0
15.40186673580503 -3.75 13.0 42.5 8.0
15.40186673580503 -3.75 13.0 42.5 9.0
15.40186673580503 -3.75 13.0 42.5 10.0
15.40186673580503 -2.5 11.0 40.0 8.0
15.40186673580503 -2.5 11.0 40.0 9.0
15.40186673580503 -2.5 11.0 40.0 10.0
15.40186673580503 -2.5 11.0 41.25 8.0
15.40186673580503 -2.5 11.0 41.25 9.0
15.40186673580503 -2.5 11.0 41.25 10.0
15.40186673580503 -2.5 11.0 42.5 8.0
15.40186673580503 -2.5 11.0 42.5 9.0
15.40186673580503 -2.5 11.0 42.5 10.0
15.40186673580503 -2.5 12.0 40.0 8.0
15.40186673580503 -2.5 12.0 40.0 9.0
15.40186673580503 -2.5 12.0 40.0 10.0
15.40186673580503 -2.5 12.0 41.25 8.0
15.40186673580503 -2.5 12.0 41.25 9.0
15.40186673580503 -2.5 12.0 41.25 10.0
15.40186673580503 -2.5 12.0 42.5 8.0
15.40186673580503 -2.5 12.0 42.5 9.0
15.40186673580503 -2.5 12.0 42.5 10.0
15.40186673580503 -2.5 13.0 40.0 8.0
15.40186673580503 -2.5 13.0 40.0 9.0
15.40186673580503 -2.5 13.0 40.0 10.0
15.40186673580503 -2.5 13.0 41.25 8.0
15.40186673580503 -2.5 13.0 41.25 9.0
15.40186673580503 -2.5 13.0 41.25 10.0
15.40186673580503 -2.5 13.0 42.5 8.0
15.40186673580503 -2.5 13.0 42.5 9.0
15.40186673580503 -2.5 13.0 42.5 10.0
15.643246046149857 -5.0 11.0 40.0 8.0
15.643246046149857 -5.0 11.0 40.0 9.0
15.643246046149857 -5.0 11.0 40.0 10.0
15.643246046149857 -5.0 11.0 41.25 8.0
15.643246046149857 -5.0 11.0 41.25 9.0
15.643246046149857 -5.0 11.0 41.25 10.0
15.643246046149857 -5.0 11.0 42.5 8.0
15.643246046149857 -5.0 11.0 42.5 9.0
15.643246046149857 -5.0 11.0 42.5 10.0
15.643246046149857 -5.0 12.0 40.0 8.0
15.643246046149857 -5.0 12.0 40.0 9.0
15.643246046149857 -5.0 12.0 40.0 10.0
15.643246046149857 -5.0 12.0 41.25 8.0
15.643246046149857 -5.0 12.0 41.25 9.0
15.643246046149857 -5.0 12.0 41.25 10.0
15.643246046149857 -5.0 12.0 42.5 8.0
15.643246046149857 -5.0 12.0 42.5 9.0
15.643246046149857 -5.0 12.0 42.5 10.0
15.643246046149857 -5.0 13.0 40.0 8.0
15.643246046149857 -5.0 13.0 40.0 9.0
15.643246046149857 -5.0 13.0 40.0 10.0
15.643246046149857 -5.0 13.0 41.25 8.0
15.643246046149857 -5.0 13.0 41.25 9.0
15.643246046149857 -5.0 13.0 41.25 10.0
15.643246046149857 -5.0 13.0 42.5 8.0
15.643246046149857 -5.0 13.0 42.5 9.0
15.643246046149857 -5.0 13.0 42.5 10.0
15.643246046149857 -3.75 11.0 40.0 8.0
15.643246046149857 -3.75 11.0 40.0 9.0
15.643246046149857 -3.75 11.0 40.0 10.0
15.643246046149857 -3.75 11.0 41.25 8.0
15.643246046149857 -3.75 11.0 41.25 9.0
15.643246046149857 -3.75 11.0 41.25 10.0
15.643246046149857 -3.75 11.0 42.5 8.0
15.643246046149857 -3.75 11.0 42.5 9.0
15.643246046149857 -3.75 11.0 42.5 10.0
15.643246046149857 -3.75 12.0 40.0 8.0
15.643246046149857 -3.75 12.0 40.0 9.0
15.643246046149857 -3.75 12.0 40.0 10.0
15.643246046149857 -3.75 12.0 41.25 8.0
15.643246046149857 -3.75 12.0 41.25 9.0
15.643246046149857 -3.75 12.0 41.25 10.0
15.643246046149857 -3.75 12.0 42.5 8.0
15.643246046149857 -3.75 12.0 42.5 9.0
15.643246046149857 -3.75 12.0 42.5 10.0
15.643246046149857 -3.75 13.0 40.0 8.0
15.643246046149857 -3.75 13.0 40.0 9.0
15.643246046149857 -3.75 13.0 40.0 10.0
15.643246046149857 -3.75 13.0 41.25 8.0
15.643246046149857 -3.75 13.0 41.25 9.0
15.643246046149857 -3.75 13.0 41.25 10.0
15.643246046149857 -3.75 13.0 42.5 8.0
15.643246046149857 -3.75 13.0 42.5 9.0
15.643246046149857 -3.75 13.0 42.5 10.0
15.643246046149857 -2.5 11.0 40.0 8.0
15.643246046149857 -2.5 11.0 40.0 9.0
15.643246046149857 -2.5 11.0 40.0 10.0
15.643246046149857 -2.5 11.0 41.25 8.0
15.643246046149857 -2.5 11.0 41.25 9.0
15.643246046149857 -2.5 11.0 41.25 10.0
15.643246046149857 -2.5 11.0 42.5 8.0
15.643246046149857 -2.5 11.0 42.5 9.0
15.643246046149857 -2.5 11.0 42.5 10.0
15.643246046149857 -2.5 12.0 40.0 8.0
15.643246046149857 -2.5 12.0 40.0 9.0
15.643246046149857 -2.5 12.0 40.0 10.0
15.643246046149857 -2.5 12.0 41.25 8.0
15.643246046149857 -2.5 12.0 41.25 9.0
15.643246046149857 -2.5 12.0 41.25 10.0
15.643246046149857 -2.5 12.0 42.5 8.0
15.643246046149857 -2.5 12.0 42.5 9.0
15.643246046149857 -2.5 12.0 42.5 10.0
15.643246046149857 -2.5 13.0 40.0 8.0
15.643246046149857 -2.5 13.0 40.0 9.0
15.643246046149857 -2.5 13.0 40.0 10.0
15.643246046149857 -2.5 13.0 41.25 8.0
15.643246046149857 -2.5 13.0 41.25 9.0
15.643246046149857 -2.5 13.0 41.25 10.0
15.643246046149857 -2.5 13.0 42.5 8.0
15.643246046149857 -2.5 13.0 42.5 9.0
15.643246046149857 -2.5 13.0 42.5 10.0
15.884625356494684 -5.0 11.0 40.0 8.0
15.884625356494684 -5.0 11.0 40.0 9.0
15.884625356494684 -5.0 11.0 40.0 10.0
15.884625356494684 -5.0 11.0 41.25 8.0
15.884625356494684 -5.0 11.0 41.25 9.0
15.884625356494684 -5.0 11.0 41.25 10.0
15.884625356494684 -5.0 11.0 42.5 8.0
15.884625356494684 -5.0 11.0 42.5 9.0
15.884625356494684 -5.0 11.0 42.5 10.0
15.884625356494684 -5.0 12.0 40.0 8.0
15.884625356494684 -5.0 12.0 40.0 9.0
15.884625356494684 -5.0 12.0 40.0 10.0
15.884625356494684 -5.0 12.0 41.25 8.0
15.884625356494684 -5.0 12.0 41.25 9.0
15.884625356494684 -5.0 12.0 41.25 10.0
15.884625356494684 -5.0 12.0 42.5 8.0
15.884625356494684 -5.0 12.0 42.5 9.0
15.884625356494684 -5.0 12.0 42.5 10.0
15.884625356494684 -5.0 13.0 40.0 8.0
15.884625356494684 -5.0 13.0 40.0 9.0
15.884625356494684 -5.0 13.0 40.0 10.0
15.884625356494684 -5.0 13.0 41.25 8.0
15.884625356494684 -5.0 13.0 41.25 9.0
15.884625356494684 -5.0 13.0 41.25 10.0
15.884625356494684 -5.0 13.0 42.5 8.0
15.884625356494684 -5.0 13.0 42.5 9.0
15.884625356494684 -5.0 13.0 42.5 10.0
15.884625356494684 -3.75 11.0 40.0 8.0
15.884625356494684 -3.75 11.0 40.0 9.0
15.884625356494684 -3.75 11.0 40.0 10.0
15.884625356494684 -3.75 11.0 41.25 8.0
15.884625356494684 -3.75 11.0 41.25 9.0
15.884625356494684 -3.75 11.0 41.25 10.0
15.884625356494684 -3.75 11.0 42.5 8.0
15.884625356494684 -3.75 11.0 42.5 9.0
15.884625356494684 -3.75 11.0 42.5 10.0
15.884625356494684 -3.75 12.0 40.0 8.0
15.884625356494684 -3.75 12.0 40.0 9.0
15.884625356494684 -3.75 12.0 40.0 10.0
15.884625356494684 -3.75 12.0 41.25 8.0
15.884625356494684 -3.75 12.0 41.25 9.0
15.884625356494684 -3.75 12.0 41.25 10.0
15.884625356494684 -3.75 12.0 42.5 8.0
15.884625356494684 -3.75 12.0 42.5 9.0
15.884625356494684 -3.75 12.0 42.5 10.0
15.884625356494684 -3.75 13.0 40.0 8.0
15.884625356494684 -3.75 13.0 40.0 9.0
15.884625356494684 -3.75 13.0 40.0 10.0
15.884625356494684 -3.75 13.0 41.25 8.0
15.884625356494684 -3.75 13.0 41.25 9.0
15.884625356494684 -3.75 13.0 41.25 10.0
15.884625356494684 -3.75 13.0 42.5 8.0
15.884625356494684 -3.75 13.0 42.5 9.0
15.884625356494684 -3.75 13.0 42.5 10.0
15.884625356494684 -2.5 11.0 40.0 8.0
15.884625356494684 -2.5 11.0 40.0 9.0
15.884625356494684 -2.5 11.0 40.0 10.0
15.884625356494684 -2.5 11.0 41.25 8.0
15.884625356494684 -2.5 11.0 41.25 9.0
15.884625356494684 -2.5 11.0 41.25 10.0
15.884625356494684 -2.5 11.0 42.5 8.0
15.884625356494684 -2.5 11.0 42.5 9.0
15.884625356494684 -2.5 11.0 42.5 10.0
15.884625356494684 -2.5 12.0 40.0 8.0
15.884625356494684 -2.5 12.0 40.0 9.0
15.884625356494684 -2.5 12.0 40.0 10.0
15.884625356494684 -2.5 12.0 41.25 8.0
15.884625356494684 -2.5 12.0 41.25 9.0
15.884625356494684 -2.5 12.0 41.25 10.0
15.884625356494684 -2.5 12.0 42.5 8.0
15.884625356494684 -2.5 12.0 42.5 9.0
15.884625356494684 -2.5 12.0 42.5 10.0
15.884625356494684 -2.5 13.0 40.0 8.0
15.884625356494684 -2.5 13.0 40.0 9.0
15.884625356494684 -2.5 13.0 40.0 10.0
15.884625356494684 -2.5 13.0 41.25 8.0
15.884625356494684 -2.5 13.0 41.25 9.0
15.884625356494684 -2.5 13.0 41.25 10.0
15.884625356494684 -2.5 13.0 42.5 8.0
15.884625356494684 -2.5 13.0 42.5 9.0
15.884625356494684 -2.5 13.0 42.5 10.0
16.126004666839513 -5.0 11.0 40.0 8.0
16.126004666839513 -5.0 11.0 40.0 9.0
16.126004666839513 -5.0 11.0 40.0 10.0
16.126004666839513 -5.0 11.0 41.25 8.0
16.126004666839513 -5.0 11.0 41.25 9.0
16.126004666839513 -5.0 11.0 41.25 10.0
16.126004666839513 -5.0 11.0 42.5 8.0
16.126004666839513 -5.0 11.0 42.5 9.0
16.126004666839513 -5.0 11.0 42.5 10.0
16.126004666839513 -5.0 12.0 40.0 8.0
16.126004666839513 -5.0 12.0 40.0 9.0
16.126004666839513 -5.0 12.0 40.0 10.0
16.126004666839513 -5.0 12.0 41.25 8.0
16.126004666839513 -5.0 12.0 41.25 9.0
16.126004666839513 -5.0 12.0 41.25 10.0
16.126004666839513 -5.0 12.0 42.5 8.0
16.126004666839513 -5.0 12.0 42.5 9.0
16.126004666839513 -5.0 12.0 42.5 10.0
16.126004666839513 -5.0 13.0 40.0 8.0
16.126004666839513 -5.0 13.0 40.0 9.0
16.126004666839513 -5.0 13.0 40.0 10.0
16.126004666839513 -5.0 13.0 41.25 8.0
16.126004666839513 -5.0 13.0 41.25 9.0
16.126004666839513 -5.0 13.0 41.25 10.0
16.126004666839513 -5.0 13.0 42.5 8.0
16.126004666839513 -5.0 13.0 42.5 9.0
16.126004666839513 -5.0 13.0 42.5 10.0
16.126004666839513 -3.75 11.0 40.0 8.0
16.126004666839513 -3.75 11.0 40.0 9.0
16.126004666839513 -3.75 11.0 40.0 10.0
16.126004666839513 -3.75 11.0 41.25 8.0
16.126004666839513 -3.75 11.0 41.25 9.0
16.126004666839513 -3.75 11.0 41.25 10.0
16.126004666839513 -3.75 11.0 42.5 8.0
16.126004666839513 -3.75 11.0 42.5 9.0
16.126004666839513 -3.75 11.0 42.5 10.0
16.126004666839513 -3.75 12.0 40.0 8.0
16.126004666839513 -3.75 12.0 40.0 9.0
16.126004666839513 -3.75 12.0 40.0 10.0
16.126004666839513 -3.75 12.0 41.25 8.0
16.126004666839513 -3.75 12.0 41.25 9.0
16.126004666839513 -3.75 12.0 41.25 10.0
16.126004666839513 -3.75 12.0 42.5 8.0
16.126004666839513 -3.75 12.0 42.5 9.0
16.126004666839513 -3.75 12.0 42.5 10.0
16.126004666839513 -3.75 13.0 40.0 8.0
16.126004666839513 -3.75 13.0 40.0 9.0
16.126004666839513 -3.75 13.0 40.0 10.0
16.126004666839513 -3.75 13.0 41.25 8.0
16.126004666839513 -3.75 13.0 41.25 9.0
16.126004666839513 -3.75 13.0 41.25 10.0
16.126004666839513 -3.75 13.0 42.5 8.0
16.126004666839513 -3.75 13.0 42.5 9.0
16.126004666839513 -3.75 13.0 42.5 10.0
16.126004666839513 -2.5 11.0 40.0 8.0
16.126004666839513 -2.5 11.0 40.0 9.0
16.126004666839513 -2.5 11.0 40.0 10.0
16.126004666839513 -2.5 11.0 41.25 8.0
16.126004666839513 -2.5 11.0 41.25 9.0
16.126004666839513 -2.5 11.0 41.25 10.0
16.126004666839513 -2.5 11.0 42.5 8.0
16.126004666839513 -2.5 11.0 42.5 9.0
16.126004666839513 -2.5 11.0 42.5 10.0
16.126004666839513 -2.5 12.0 40.0 8.0
16.126004666839513 -2.5 12.0 40.0 9.0
16.126004666839513 -2.5 12.0 40.0 10.0
16.126004666839513 -2.5 12.0 41.25 8.0
16.126004666839513 -2.5 12.0 41.25 9.0
16.126004666839513 -2.5 12.0 41.25 10.0
16.126004666839513 -2.5 12.0 42.5 8.0
16.126004666839513 -2.5 12.0 42.5 9.0
16.126004666839513 -2.5 12.0 42.5 10.0
16.126004666839513 -2.5 13.0 40.0 8.0
16.126004666839513 -2.5 13.0 40.0 9.0
16.126004666839513 -2.5 13.0 40.0 10.0
16.126004666839513 -2.5 13.0 41.25 8.0
16.126004666839513 -2.5 13.0 41.25 9.0
16.126004666839513 -2.5 13.0 41.25 10.0
16.126004666839513 -2.5 13.0 42.5 8.0
16.126004666839513 -2.5 13.0 42.5 9.0
16.126004666839513 -2.5 13.0 42.5 10.0
16.36738397718434 -5.0 11.0 40.0 8.0
16.36738397718434 -5.0 11.0 40.0 9.0
16.36738397718434 -5.0 11.0 40.0 10.0
16.36738397718434 -5.0 11.0 41.25 8.0
16.36738397718434 -5.0 11.0 41.25 9.0
16.36738397718434 -5.0 11.0 41.25 10.0
16.36738397718434 -5.0 11.0 42.5 8.0
16.36738397718434 -5.0 11.0 42.5 9.0
16.36738397718434 -5.0 11.0 42.5 10.0
16.36738397718434 -5.0 12.0 40.0 8.0
16.36738397718434 -5.0 12.0 40.0 9.0
16.36738397718434 -5.0 12.0 40.0 10.0
16.36738397718434 -5.0 12.0 41.25 8.0
16.36738397718434 -5.0 12.0 41.25 9.0
16.36738397718434 -5.0 12.0 41.25 10.0
16.36738397718434 -5.0 12.0 42.5 8.0
16.36738397718434 -5.0 12.0 42.5 9.0
16.36738397718434 -5.0 12.0 42.5 10.0
16.36738397718434 -5.0 13.0 40.0 8.0
16.36738397718434 -5.0 13.0 40.0 9.0
16.36738397718434 -5.0 13.0 40.0 10.0
16.36738397718434 -5.0 13.0 41.25 8.0
16.36738397718434 -5.0 13.0 41.25 9.0
16.36738397718434 -5.0 13.0 41.25 10.0
16.36738397718434 -5.0 13.0 42.5 8.0
16.36738397718434 -5.0 13.0 42.5 9.0
16.36738397718434 -5.0 13.0 42.5 10.0
16.36738397718434 -3.75 11.0 40.0 8.0
16.36738397718434 -3.75 11.0 40.0 9.0
16.36738397718434 -3.75 11.0 40.0 10.0
16.36738397718434 -3.75 11.0 41.25 8.0
16.36738397718434 -3.75 11.0 41.25 9.0
16.36738397718434 -3.75 11.0 41.25 10.0
16.36738397718434 -3.75 11.0 42.5 8.0
16.36738397718434 -3.75 11.0 42.5 9.0
16.36738397718434 -3.75 11.0 42.5 10.0
16.36738397718434 -3.75 12.0 40.0 8.0
16.36738397718434 -3.75 12.0 40.0 9.0
16.36738397718434 -3.75 12.0 40.0 10.0
16.36738397718434 -3.75 12.0 41.25 8.0
16.36738397718434 -3.75 12.0 41.25 9.0
16.36738397718434 -3.75 12.0 41.25 10.0
16.36738397718434 -3.75 12.0 42.5 8.0
16.36738397718434 -3.75 12.0 42.5 9.0
16.36738397718434 -3.75 12.0 42.5 10.0
16.36738397718434 -3.75 13.0 40.0 8.0
16.36738397718434 -3.75 13.0 40.0 9.0
16.36738397718434 -3.75 13.0 40.0 10.0
16.36738397718434 -3.75 13.0 41.25 8.0
16.36738397718434 -3.75 13.0 41.25 9.0
16.36738397718434 -3.75 13.0 41.25 10.0
16.36738397718434 -3.75 13.0 42.5 8.0
16.36738397718434 -3.75 13.0 42.5 9.0
16.36738397718434 -3.75 13.0 42.5 10.0
16.36738397718434 -2.5 11.0 40.0 8.0
16.36738397718434 -2.5 11.0 40.0 9.0
16.36738397718434 -2.5 11.0 40.0 10.0
16.36738397718434 -2.5 11.0 41.25 8.0
16.36738397718434 -2.5 11.0 41.25 9.0
16.36738397718434 -2.5 11.0 41.25 10.0
16.36738397718434 -2.5 11.0 42.5 8.0
16.36738397718434 -2.5 11.0 42.5 9.0
16.36738397718434 -2.5 11.0 42.5 10.0
16.36738397718434 -2.5 12.0 40.0 8.0
16.36738397718434 -2.5 12.0 40.0 9.0
16.36738397718434 -2.5 12.0 40.0 10.0
16.36738397718434 -2.5 12.0 41.25 8.0
16.36738397718434 -2.5 12.0 41.25 9.0
16.36738397718434 -2.5 12.0 41.25 10.0
16.36738397718434 -2.5 12.0 42.5 8.0
16.36738397718434 -2.5 12.0 42.5 9.0
16.36738397718434 -2.5 12.0 42.5 10.0
16.36738397718434 -2.5 13.0 40.0 8.0
16.36738397718434 -2.5 13.0 40.0 9.0
16.36738397718434 -2.5 13.0 40.0 10.0
16.36738397718434 -2.5 13.0 41.25 8.0
16.36738397718434 -2.5 13.0 41.25 9.0
16.36738397718434 -2.5 13.0 41.25 10.0
16.36738397718434 -2.5 13.0 42.5 8.0
16.36738397718434 -2.5 13.0 42.5 9.0
16.36738397718434 -2.5 13.0 42.5 10.0
16.608763287529165 -5.0 11.0 40.0 8.0
16.608763287529165 -5.0 11.0 40.0 9.0
16.608763287529165 -5.0 11.0 40.0 10.0
16.608763287529165 -5.0 11.0 41.25 8.0
16.608763287529165 -5.0 11.0 41.25 9.0
16.608763287529165 -5.0 11.0 41.25 10.0
16.608763287529165 -5.0 11.0 42.5 8.0
16.608763287529165 -5.0 11.0 42.5 9.0
16.608763287529165 -5.0 11.0 42.5 10.0
16.608763287529165 -5.0 12.0 40.0 8.0
16.608763287529165 -5.0 12.0 40.0 9.0
16.608763287529165 -5.0 12.0 40.0 10.0
16.608763287529165 -5.0 12.0 41.25 8.0
16.608763287529165 -5.0 12.0 41.25 9.0
16.608763287529165 -5.0 12.0 41.25 10.0
16.608763287529165 -5.0 12.0 42.5 8.0
16.608763287529165 -5.0 12.0 42.5 9.0
16.608763287529165 -5.0 12.0 42.5 10.0
16.608763287529165 -5.0 13.0 40.0 8.0
16.608763287529165 -5.0 13.0 40.0 9.0
16.608763287529165 -5.0 13.0 40.0 10.0
16.608763287529165 -5.0 13.0 41.25 8.0
16.608763287529165 -5.0 13.0 41.25 9.0
16.608763287529165 -5.0 13.0 41.25 10.0
16.608763287529165 -5.0 13.0 42.5 8.0
16.608763287529165 -5.0 13.0 42.5 9.0
16.608763287529165 -5.0 13.0 42.5 10.0
16.608763287529165 -3.75 11.0 40.0 8.0
16.608763287529165 -3.75 11.0 40.0 9.0
16.608763287529165 -3.75 11.0 40.0 10.0
16.608763287529165 -3.75 11.0 41.25 8.0
16.608763287529165 -3.75 11.0 41.25 9.0
16.608763287529165 -3.75 11.0 41.25 10.0
16.608763287529165 -3.75 11.0 42.5 8.0
16.608763287529165 -3.75 11.0 42.5 9.0
16.608763287529165 -3.75 11.0 42.5 10.0
16.608763287529165 -3.75 12.0 40.0 8.0
16.608763287529165 -3.75 12.0 40.0 9.0
16.608763287529165 -3.75 12.0 40.0 10.0
16.608763287529165 -3.75 12.0 41.25 8.0
16.608763287529165 -3.75 12.0 41.25 9.0
16.608763287529165 -3.75 12.0 41.25 10.0
16.608763287529165 -3.75 12.0 42.5 8.0
16.608763287529165 -3.75 12.0 42.5 9.0
16.608763287529165 -3.75 12.0 42.5 10.0
16.608763287529165 -3.75 13.0 40.0 8.0
16.608763287529165 -3.75 13.0 40.0 9.0
16.608763287529165 -3.75 13.0 40.0 10.0
16.608763287529165 -3.75 13.0 41.25 8.0
16.608763287529165 -3.75 13.0 41.25 9.0
16.608763287529165 -3.75 13.0 41.25 10.0
16.608763287529165 -3.75 13.0 42.5 8.0
16.608763287529165 -3.75 13.0 42.5 9.0
16.608763287529165 -3.75 13.0 42.5 10.0
16.608763287529165 -2.5 11.0 40.0 8.0
16.608763287529165 -2.5 11.0 40.0 9.0
16.608763287529165 -2.5 11.0 40.0 10.0
16.608763287529165 -2.5 11.0 41.25 8.0
16.608763287529165 -2.5 11.0 41.25 9.0
16.608763287529165 -2.5 11.0 41.25 10.0
16.608763287529165 -2.5 11.0 42.5 8.0
16.608763287529165 -2.5 11.0 42.5 9.0
16.608763287529165 -2.5 11.0 42.5 10.0
16.608763287529165 -2.5 12.0 40.0 8.0
16.608763287529165 -2.5 12.0 40.0 9.0
16.608763287529165 -2.5 12.0 40.0 10.0
16.608763287529165 -2.5 12.0 41.25 8.0
16.608763287529165 -2.5 12.0 41.25 9.0
16.608763287529165 -2.5 12.0 41.25 10.0
16.608763287529165 -2.5 12.0 42.5 8.0
16.608763287529165 -2.5 12.0 42.5 9.0
16.608763287529165 -2.5 12.0 42.5 10.0
16.608763287529165 -2.5 13.0 40.0 8.0
16.608763287529165 -2.5 13.0 40.0 9.0
16.608763287529165 -2.5 13.0 40.0 10.0
16.608763287529165 -2.5 13.0 41.25 8.0
16.608763287529165 -2.5 13.0 41.25 9.0
16.608763287529165 -2.5 13.0 41.25 10.0
16.608763287529165 -2.5 13.0 42.5 8.0
16.608763287529165 -2.5 13.0 42.5 9.0
16.608763287529165 -2.5 13.0 42.5 10.0
16.850142597873994 -5.0 11.0 40.0 8.0
16.850142597873994 -5.0 11.0 40.0 9.0
16.850142597873994 -5.0 11.0 40.0 10.0
16.850142597873994 -5.0 11.0 41.25 8.0
16.850142597873994 -5.0 11.0 41.25 9.0
16.850142597873994 -5.0 11.0 41.25 10.0
16.850142597873994 -5.0 11.0 42.5 8.0
16.850142597873994 -5.0 11.0 42.5 9.0
16.850142597873994 -5.0 11.0 42.5 10.0
16.850142597873994 -5.0 12.0 40.0 8.0
16.850142597873994 -5.0 12.0 40.0 9.0
16.850142597873994 -5.0 12.0 40.0 10.0
16.850142597873994 -5.0 12.0 41.25 8.0
16.850142597873994 -5.0 12.0 41.25 9.0
16.850142597873994 -5.0 12.0 41.25 10.0
16.850142597873994 -5.0 12.0 42.5 8.0
16.850142597873994 -5.0 12.0 42.5 9.0
16.850142597873994 -5.0 12.0 42.5 10.0
16.850142597873994 -5.0 13.0 40.0 8.0
16.850142597873994 -5.0 13.0 40.0 9.0
16.850142597873994 -5.0 13.0 40.0 10.0
16.850142597873994 -5.0 13.0 41.25 8.0
16.850142597873994 -5.0 13.0 41.25 9.0
16.850142597873994 -5.0 13.0 41.25 10.0
16.850142597873994 -5.0 13.0 42.5 8.0
16.850142597873994 -5.0 13.0 42.5 9.0
16.850142597873994 -5.0 13.0 42.5 10.0
16.850142597873994 -3.75 11.0 40.0 8.0
16.850142597873994 -3.75 11.0 40.0 9.0
16.850142597873994 -3.75 11.0 40.0 10.0
16.850142597873994 -3.75 11.0 41.25 8.0
16.850142597873994 -3.75 11.0 41.25 9.0
16.850142597873994 -3.75 11.0 41.25 10.0
16.850142597873994 -3.75 11.0 42.5 8.0
16.850142597873994 -3.75 11.0 42.5 9.0
16.850142597873994 -3.75 11.0 42.5 10.0
16.850142597873994 -3.75 12.0 40.0 8.0
16.850142597873994 -3.75 12.0 40.0 9.0
16.850142597873994 -3.75 12.0 40.0 10.0
16.850142597873994 -3.75 12.0 41.25 8.0
16.850142597873994 -3.75 12.0 41.25 9.0
16.850142597873994 -3.75 12.0 41.25 10.0
16.850142597873994 -3.75 12.0 42.5 8.0
16.850142597873994 -3.75 12.0 42.5 9.0
16.850142597873994 -3.75 12.0 42.5 10.0
16.850142597873994 -3.75 13.0 40.0 8.0
16.850142597873994 -3.75 13.0 40.0 9.0
16.850142597873994 -3.75 13.0 40.0 10.0
16.850142597873994 -3.75 13.0 41.25 8.0
16.850142597873994 -3.75 13.0 41.25 9.0
16.850142597873994 -3.75 13.0 41.25 10.0
16.850142597873994 -3.75 13.0 42.5 8.0
16.850142597873994 -3.75 13.0 42.5 9.0
16.850142597873994 -3.75 13.0 42.5 10.0
16.850142597873994 -2.5 11.0 40.0 8.0
16.850142597873994 -2.5 11.0 40.0 9.0
16.850142597873994 -2.5 11.0 40.0 10.0
16.850142597873994 -2.5 11.0 41.25 8.0
16.850142597873994 -2.5 11.0 41.25 9.0
16.850142597873994 -2.5 11.0 41.25 10.0
16.850142597873994 -2.5 11.0 42.5 8.0
16.850142597873994 -2.5 11.0 42.5 9.0
16.850142597873994 -2.5 11.0 42.5 10.0
16.850142597873994 -2.5 12.0 40.0 8.0
16.850142597873994 -2.5 12.0 40.0 9.0
16.850142597873994 -2.5 12.0 40.0 10.0
16.850142597873994 -2.5 12.0 41.25 8.0
16.850142597873994 -2.5 12.0 41.25 9.0
16.850142597873994 -2.5 12.0 41.25 10.0
16.850142597873994 -2.5 12.0 42.5 8.0
16.850142597873994 -2.5 12.0 42.5 9.0
16.850142597873994 -2.5 12.0 42.5 10.0
16.850142597873994 -2.5 13.0 40.0 8.0
16.850142597873994 -2.5 13.0 40.0 9.0
16.850142597873994 -2.5 13.0 40.0 10.0
16.850142597873994 -2.5 13.0 41.25 8.0
16.850142597873994 -2.5 13.0 41.25 9.0
16.850142597873994 -2.5 13.0 41.25 10.0
16.850142597873994 -2.5 13.0 42.5 8.0
16.850142597873994 -2.5 13.0 42.5 9.0
16.850142597873994 -2.5 13.0 42.5 10.0
17.091521908218823 -5.0 11.0 40.0 8.0
17.091521908218823 -5.0 11.0 40.0 9.0
17.091521908218823 -5.0 11.0 40.0 10.0
17.091521908218823 -5.0 11.0 41.25 8.0
17.091521908218823 -5.0 11.0 41.25 9.0
17.091521908218823 -5.0 11.0 41.25 10.0
17.091521908218823 -5.0 11.0 42.5 8.0
17.091521908218823 -5.0 11.0 42.5 9.0
17.091521908218823 -5.0 11.0 42.5 10.0
17.091521908218823 -5.0 12.0 40.0 8.0
17.091521908218823 -5.0 12.0 40.0 9.0
17.091521908218823 -5.0 12.0 40.0 10.0
17.091521908218823 -5.0 12.0 41.25 8.0
17.091521908218823 -5.0 12.0 41.25 9.0
17.091521908218823 -5.0 12.0 41.25 10.0
17.091521908218823 -5.0 12.0 42.5 8.0
17.091521908218823 -5.0 12.0 42.5 9.0
17.091521908218823 -5.0 12.0 42.5 10.0
17.091521908218823 -5.0 13.0 40.0 8.0
17.091521908218823 -5.0 13.0 40.0 9.0
17.091521908218823 -5.0 13.0 40.0 10.0
17.091521908218823 -5.0 13.0 41.25 8.0
17.091521908218823 -5.0 13.0 41.25 9.0
17.091521908218823 -5.0 13.0 41.25 10.0
17.091521908218823 -5.0 13.0 42.5 8.0
17.091521908218823 -5.0 13.0 42.5 9.0
17.091521908218823 -5.0 13.0 42.5 10.0
17.091521908218823 -3.75 11.0 40.0 8.0
17.091521908218823 -3.75 11.0 40.0 9.0
17.091521908218823 -3.75 11.0 40.0 10.0
17.091521908218823 -3.75 11.0 41.25 8.0
17.091521908218823 -3.75 11.0 41.25 9.0
17.091521908218823 -3.75 11.0 41.25 10.0
17.091521908218823 -3.75 11.0 42.5 8.0
17.091521908218823 -3.75 11.0 42.5 9.0
17.091521908218823 -3.75 11.0 42.5 10.0
17.091521908218823 -3.75 12.0 40.0 8.0
17.091521908218823 -3.75 12.0 40.0 9.0
17.091521908218823 -3.75 12.0 40.0 10.0
17.091521908218823 -3.75 12.0 41.25 8.0
17.091521908218823 -3.75 12.0 41.25 9.0
17.091521908218823 -3.75 12.0 41.25 10.0
17.091521908218823 -3.75 12.0 42.5 8.0
17.091521908218823 -3.75 12.0 42.5 9.0
17.091521908218823 -3.75 12.0 42.5 10.0
17.091521908218823 -3.75 13.0 40.0 8.0
17.091521908218823 -3.75 13.0 40.0 9.0
17.091521908218823 -3.75 13.0 40.0 10.0
17.091521908218823 -3.75 13.0 41.25 8.0
17.091521908218823 -3.75 13.0 41.25 9.0
17.091521908218823 -3.75 13.0 41.25 10.0
17.091521908218823 -3.75 13.0 42.5 8.0
17.091521908218823 -3.75 13.0 42.5 9.0
17.091521908218823 -3.75 13.0 42.5 10.0
17.091521908218823 -2.5 11.0 40.0 8.0
17.091521908218823 -2.5 11.0 40.0 9.0
17.091521908218823 -2.5 11.0 40.0 10.0
17.091521908218823 -2.5 11.0 41.25 8.0
17.091521908218823 -2.5 11.0 41.25 9.0
17.091521908218823 -2.5 11.0 41.25 10.0
17.091521908218823 -2.5 11.0 42.5 8.0
17.091521908218823 -2.5 11.0 42.5 9.0
17.091521908218823 -2.5 11.0 42.5 10.0
17.091521908218823 -2.5 12.0 40.0 8.0
17.091521908218823 -2.5 12.0 40.0 9.0
17.091521908218823 -2.5 12.0 40.0 10.0
17.091521908218823 -2.5 12.0 41.25 8.0
17.091521908218823 -2.5 12.0 41.25 9.0
17.091521908218823 -2.5 12.0 41.25 10.0
17.091521908218823 -2.5 12.0 42.5 8.0
17.091521908218823 -2.5 12.0 42.5 9.0
17.091521908218823 -2.5 12.0 42.5 10.0
17.091521908218823 -2.5 13.0 40.0 8.0
17.091521908218823 -2.5 13.0 40.0 9.0
17.091521908218823 -2.5 13.0 40.0 10.0
17.091521908218823 -2.5 13.0 41.25 8.0
17.091521908218823 -2.5 13.0 41.25 9.0
17.091521908218823 -2.5 13.0 41.25 10.0
17.091521908218823 -2.5 13.0 42.5 8.0
17.091521908218823 -2.5 13.0 42.5 9.0
17.091521908218823 -2.5 13.0 42.5 10.0
17.33290121856365 -5.0 11.0 40.0 8.0
17.33290121856365 -5.0 11.0 40.0 9.0
17.33290121856365 -5.0 11.0 40.0 10.0
17.33290121856365 -5.0 11.0 41.25 8.0
17.33290121856365 -5.0 11.0 41.25 9.0
17.33290121856365 -5.0 11.0 41.25 10.0
17.33290121856365 -5.0 11.0 42.5 8.0
17.33290121856365 -5.0 11.0 42.5 9.0
17.33290121856365 -5.0 11.0 42.5 10.0
17.33290121856365 -5.0 12.0 40.0 8.0
17.33290121856365 -5.0 12.0 40.0 9.0
17.33290121856365 -5.0 12.0 40.0 10.0
17.33290121856365 -5.0 12.0 41.25 8.0
17.33290121856365 -5.0 12.0 41.25 9.0
17.33290121856365 -5.0 12.0 41.25 10.0
17.33290121856365 -5.0 12.0 42.5 8.0
17.33290121856365 -5.0 12.0 42.5 9.0
17.33290121856365 -5.0 12.0 42.5 10.0
17.33290121856365 -5.0 13.0 40.0 8.0
17.33290121856365 -5.0 13.0 40.0 9.0
17.33290121856365 -5.0 13.0 40.0 10.0
17.33290121856365 -5.0 13.0 41.25 8.0
17.33290121856365 -5.0 13.0 41.25 9.0
17.33290121856365 -5.0 13.0 41.25 10.0
17.33290121856365 -5.0 13.0 42.5 8.0
17.33290121856365 -5.0 13.0 42.5 9.0
17.33290121856365 -5.0 13.0 42.5 10.0
17.33290121856365 -3.75 11.0 40.0 8.0
17.33290121856365 -3.75 11.0 40.0 9.0
17.33290121856365 -3.75 11.0 40.0 10.0
17.33290121856365 -3.75 11.0 41.25 8.0
17.33290121856365 -3.75 11.0 41.25 9.0
17.33290121856365 -3.75 11.0 41.25 10.0
17.33290121856365 -3.75 11.0 42.5 8.0
17.33290121856365 -3.75 11.0 42.5 9.0
17.33290121856365 -3.75 11.0 42.5 10.0
17.33290121856365 -3.75 12.0 40.0 8.0
17.33290121856365 -3.75 12.0 40.0 9.0
17.33290121856365 -3.75 12.0 40.0 10.0
17.33290121856365 -3.75 12.0 41.25 8.0
17.33290121856365 -3.75 12.0 41.25 9.0
17.33290121856365 -3.75 12.0 41.25 10.0
17.33290121856365 -3.75 12.0 42.5 8.0
17.33290121856365 -3.75 12.0 42.5 9.0
17.33290121856365 -3.75 12.0 42.5 10.0
17.33290121856365 -3.75 13.0 40.0 8.0
17.33290121856365 -3.75 13.0 40.0 9.0
17.33290121856365 -3.75 13.0 40.0 10.0
17.33290121856365 -3.75 13.0 41.25 8.0
17.33290121856365 -3.75 13.0 41.25 9.0
17.33290121856365 -3.75 13.0 41.25 10.0
17.33290121856365 -3.75 13.0 42.5 8.0
17.33290121856365 -3.75 13.0 42.5 9.0
17.33290121856365 -3.75 13.0 42.5 10.0
17.33290121856365 -2.5 11.0 40.0 8.0
17.33290121856365 -2.5 11.0 40.0 9.0
17.33290121856365 -2.5 11.0 40.0 10.0
17.33290121856365 -2.5 11.0 41.25 8.0
17.33290121856365 -2.5 11.0 41.25 9.0
17.33290121856365 -2.5 11.0 41.25 10.0
17.33290121856365 -2.5 11.0 42.5 8.0
17.33290121856365 -2.5 11.0 42.5 9.0
17.33290121856365 -2.5 11.0 42.5 10.0
17.33290121856365 -2.5 12.0 40.0 8.0
17.33290121856365 -2.5 12.0 40.0 9.0
17.33290121856365 -2.5 12.0 40.0 10.0
17.33290121856365 -2.5 12.0 41.25 8.0
17.33290121856365 -2.5 12.0 41.25 9.0
17.33290121856365 -2.5 12.0 41.25 10.0
17.33290121856365 -2.5 12.0 42.5 8.0
17.33290121856365 -2.5 12.0 42.5 9.0
17.33290121856365 -2.5 12.0 42.5 10.0
17.33290121856365 -2.5 13.0 40.0 8.0
17.33290121856365 -2.5 13.0 40.0 9.0
17.33290121856365 -2.5 13.0 40.0 10.0
17.33290121856365 -2.5 13.0 41.25 8.0
17.33290121856365 -2.5 13.0 41.25 9.0
17.33290121856365 -2.5 13.0 41.25 10.0
17.33290121856365 -2.5 13.0 42.5 8.0
17.33290121856365 -2.5 13.0 42.5 9.0
17.33290121856365 -2.5 13.0 42.5 10.0
17.574280528908478 -5.0 11.0 40.0 8.0
17.574280528908478 -5.0 11.0 40.0 9.0
17.574280528908478 -5.0 11.0 40.0 10.0
17.574280528908478 -5.0 11.0 41.25 8.0
17.574280528908478 -5.0 11.0 41.25 9.0
17.574280528908478 -5.0 11.0 41.25 10.0
17.574280528908478 -5.0 11.0 42.5 8.0
17.574280528908478 -5.0 11.0 42.5 9.0
17.574280528908478 -5.0 11.0 42.5 10.0
17.574280528908478 -5.0 12.0 40.0 8.0
17.574280528908478 -5.0 12.0 40.0 9.0
17.574280528908478 -5.0 12.0 40.0 10.0
17.574280528908478 -5.0 12.0 41.25 8.0
17.574280528908478 -5.0 12.0 41.25 9.0
17.574280528908478 -5.0 12.0 41.25 10.0
17.574280528908478 -5.0 12.0 42.5 8.0
17.574280528908478 -5.0 12.0 42.5 9.0
17.574280528908478 -5.0 12.0 42.5 10.0
17.574280528908478 -5.0 13.0 40.0 8.0
17.574280528908478 -5.0 13.0 40.0 9.0
17.574280528908478 -5.0 13.0 40.0 10.0
17.574280528908478 -5.0 13.0 41.25 8.0
17.574280528908478 -5.0 13.0 41.25 9.0
17.574280528908478 -5.0 13.0 41.25 10.0
17.574280528908478 -5.0 13.0 42.5 8.0
17.574280528908478 -5.0 13.0 42.5 9.0
17.574280528908478 -5.0 13.0 42.5 10.0
17.574280528908478 -3.75 11.0 40.0 8.0
17.574280528908478 -3.75 11.0 40.0 9.0
17.574280528908478 -3.75 11.0 40.0 10.0
17.574280528908478 -3.75 11.0 41.25 8.0
17.574280528908478 -3.75 11.0 41.25 9.0
17.574280528908478 -3.75 11.0 41.25 10.0
17.574280528908478 -3.75 11.0 42.5 8.0
17.574280528908478 -3.75 11.0 42.5 9.0
17.574280528908478 -3.75 11.0 42.5 10.0
17.574280528908478 -3.75 12.0 40.0 8.0
17.574280528908478 -3.75 12.0 40.0 9.0
17.574280528908478 -3.75 12.0 40.0 10.0
17.574280528908478 -3.75 12.0 41.25 8.0
17.574280528908478 -3.75 12.0 41.25 9.0
17.574280528908478 -3.75 12.0 41.25 10.0
17.574280528908478 -3.75 12.0 42.5 8.0
17.574280528908478 -3.75 12.0 42.5 9.0
17.574280528908478 -3.75 12.0 42.5 10.0
17.574280528908478 -3.75 13.0 40.0 8.0
17.574280528908478 -3.75 13.0 40.0 9.0
17.574280528908478 -3.75 13.0 40.0 10.0
17.574280528908478 -3.75 13.0 41.25 8.0
17.574280528908478 -3.75 13.0 41.25 9.0
17.574280528908478 -3.75 13.0 41.25 10.0
17.574280528908478 -3.75 13.0 42.5 8.0
17.574280528908478 -3.75 13.0 42.5 9.0
17.574280528908478 -3.75 13.0 42.5 10.0
17.574280528908478 -2.5 11.0 40.0 8.0
17.574280528908478 -2.5 11.0 40.0 9.0
17.574280528908478 -2.5 11.0 40.0 10.0
17.574280528908478 -2.5 11.0 41.25 8.0
17.574280528908478 -2.5 11.0 41.25 9.0
17.574280528908478 -2.5 11.0 41.25 10.0
17.574280528908478 -2.5 11.0 42.5 8.0
17.574280528908478 -2.5 11.0 42.5 9.0
17.574280528908478 -2.5 11.0 42.5 10.0
17.574280528908478 -2.5 12.0 40.0 8.0
17.574280528908478 -2.5 12.0 40.0 9.0
17.574280528908478 -2.5 12.0 40.0 10.0
17.574280528908478 -2.5 12.0 41.25 8.0
17.574280528908478 -2.5 12.0 41.25 9.0
17.574280528908478 -2.5 12.0 41.25 10.0
17.574280528908478 -2.5 12.0 42.5 8.0
17.574280528908478 -2.5 12.0 42.5 9.0
17.574280528908478 -2.5 12.0 42.5 10.0
17.574280528908478 -2.5 13.0 40.0 8.0
17.574280528908478 -2.5 13.0 40.0 9.0
17.574280528908478 -2.5 13.0 40.0 10.0
17.574280528908478 -2.5 13.0 41.25 8.0
17.574280528908478 -2.5 13.0 41.25 9.0
17.574280528908478 -2.5 13.0 41.25 10.0
17.574280528908478 -2.5 13.0 42.5 8.0
17.574280528908478 -2.5 13.0 42.5 9.0
17.574280528908478 -2.5 13.0 42.5 10.0
17.815659839253303 -5.0 11.0 40.0 8.0
17.815659839253303 -5.0 11.0 40.0 9.0
17.815659839253303 -5.0 11.0 40.0 10.0
17.815659839253303 -5.0 11.0 41.25 8.0
17.815659839253303 -5.0 11.0 41.25 9.0
17.815659839253303 -5.0 11.0 41.25 10.0
17.815659839253303 -5.0 11.0 42.5 8.0
17.815659839253303 -5.0 11.0 42.5 9.0
17.815659839253303 -5.0 11.0 42.5 10.0
17.815659839253303 -5.0 12.0 40.0 8.0
17.815659839253303 -5.0 12.0 40.0 9.0
17.815659839253303 -5.0 12.0 40.0 10.0
17.815659839253303 -5.0 12.0 41.25 8.0
17.815659839253303 -5.0 12.0 41.25 9.0
17.815659839253303 -5.0 12.0 41.25 10.0
17.815659839253303 -5.0 12.0 42.5 8.0
17.815659839253303 -5.0 12.0 42.5 9.0
17.815659839253303 -5.0 12.0 42.5 10.0
17.815659839253303 -5.0 13.0 40.0 8.0
17.815659839253303 -5.0 13.0 40.0 9.0
17.815659839253303 -5.0 13.0 40.0 10.0
17.815659839253303 -5.0 13.0 41.25 8.0
17.815659839253303 -5.0 13.0 41.25 9.0
17.815659839253303 -5.0 13.0 41.25 10.0
17.815659839253303 -5.0 13.0 42.5 8.0
17.815659839253303 -5.0 13.0 42.5 9.0
17.815659839253303 -5.0 13.0 42.5 10.0
17.815659839253303 -3.75 11.0 40.0 8.0
17.815659839253303 -3.75 11.0 40.0 9.0
17.815659839253303 -3.75 11.0 40.0 10.0
17.815659839253303 -3.75 11.0 41.25 8.0
17.815659839253303 -3.75 11.0 41.25 9.0
17.815659839253303 -3.75 11.0 41.25 10.0
17.815659839253303 -3.75 11.0 42.5 8.0
17.815659839253303 -3.75 11.0 42.5 9.0
17.815659839253303 -3.75 11.0 42.5 10.0
17.815659839253303 -3.75 12.0 40.0 8.0
17.815659839253303 -3.75 12.0 40.0 9.0
17.815659839253303 -3.75 12.0 40.0 10.0
17.815659839253303 -3.75 12.0 41.25 8.0
17.815659839253303 -3.75 12.0 41.25 9.0
17.815659839253303 -3.75 12.0 41.25 10.0
17.815659839253303 -3.75 12.0 42.5 8.0
17.815659839253303 -3.75 12.0 42.5 9.0
17.815659839253303 -3.75 12.0 42.5 10.0
17.815659839253303 -3.75 13.0 40.0 8.0
17.815659839253303 -3.75 13.0 40.0 9.0
17.815659839253303 -3.75 13.0 40.0 10.0
17.815659839253303 -3.75 13.0 41.25 8.0
17.815659839253303 -3.75 13.0 41.25 9.0
17.815659839253303 -3.75 13.0 41.25 10.0
17.815659839253303 -3.75 13.0 42.5 8.0
17.815659839253303 -3.75 13.0 42.5 9.0
17.815659839253303 -3.75 13.0 42.5 10.0
17.815659839253303 -2.5 11.0 40.0 8.0
17.815659839253303 -2.5 11.0 40.0 9.0
17.815659839253303 -2.5 11.0 40.0 10.0
17.815659839253303 -2.5 11.0 41.25 8.0
17.815659839253303 -2.5 11.0 41.25 9.0
17.815659839253303 -2.5 11.0 41.25 10.0
17.815659839253303 -2.5 11.0 42.5 8.0
17.815659839253303 -2.5 11.0 42.5 9.0
17.815659839253303 -2.5 11.0 42.5 10.0
17.815659839253303 -2.5 12.0 40.0 8.0
17.815659839253303 -2.5 12.0 40.0 9.0
17.815659839253303 -2.5 12.0 40.0 10.0
17.815659839253303 -2.5 12.0 41.25 8.0
17.815659839253303 -2.5 12.0 41.25 9.0
17.815659839253303 -2.5 12.0 41.25 10.0
17.815659839253303 -2.5 12.0 42.5 8.0
17.815659839253303 -2.5 12.0 42.5 9.0
17.815659839253303 -2.5 12.0 42.5 10.0
17.815659839253303 -2.5 13.0 40.0 8.0
17.815659839253303 -2.5 13.0 40.0 9.0
17.815659839253303 -2.5 13.0 40.0 10.0
17.815659839253303 -2.5 13.0 41.25 8.0
17.815659839253303 -2.5 13.0 41.25 9.0
17.815659839253303 -2.5 13.0 41.25 10.0
17.815659839253303 -2.5 13.0 42.5 8.0
17.815659839253303 -2.5 13.0 42.5 9.0
17.815659839253303 -2.5 13.0 42.5 10.0
18.057039149598133 -5.0 11.0 40.0 8.0
18.057039149598133 -5.0 11.0 40.0 9.0
18.057039149598133 -5.0 11.0 40.0 10.0
18.057039149598133 -5.0 11.0 41.25 8.0
18.057039149598133 -5.0 11.0 41.25 9.0
18.057039149598133 -5.0 11.0 41.25 10.0
18.057039149598133 -5.0 11.0 42.5 8.0
18.057039149598133 -5.0 11.0 42.5 9.0
18.057039149598133 -5.0 11.0 42.5 10.0
18.057039149598133 -5.0 12.0 40.0 8.0
18.057039149598133 -5.0 12.0 40.0 9.0
18.057039149598133 -5.0 12.0 40.0 10.0
18.057039149598133 -5.0 12.0 41.25 8.0
18.057039149598133 -5.0 12.0 41.25 9.0
18.057039149598133 -5.0 12.0 41.25 10.0
18.057039149598133 -5.0 12.0 42.5 8.0
18.057039149598133 -5.0 12.0 42.5 9.0
18.057039149598133 -5.0 12.0 42.5 10.0
18.057039149598133 -5.0 13.0 40.0 8.0
18.057039149598133 -5.0 13.0 40.0 9.0
18.057039149598133 -5.0 13.0 40.0 10.0
18.057039149598133 -5.0 13.0 41.25 8.0
18.057039149598133 -5.0 13.0 41.25 9.0
18.057039149598133 -5.0 13.0 41.25 10.0
18.057039149598133 -5.0 13.0 42.5 8.0
18.057039149598133 -5.0 13.0 42.5 9.0
18.057039149598133 -5.0 13.0 42.5 10.0
18.057039149598133 -3.75 11.0 40.0 8.0
18.057039149598133 -3.75 11.0 40.0 9.0
18.057039149598133 -3.75 11.0 40.0 10.0
18.057039149598133 -3.75 11.0 41.25 8.0
18.057039149598133 -3.75 11.0 41.25 9.0
18.057039149598133 -3.75 11.0 41.25 10.0
18.057039149598133 -3.75 11.0 42.5 8.0
18.057039149598133 -3.75 11.0 42.5 9.0
18.057039149598133 -3.75 11.0 42.5 10.0
18.057039149598133 -3.75 12.0 40.0 8.0
18.057039149598133 -3.75 12.0 40.0 9.0
18.057039149598133 -3.75 12.0 40.0 10.0
18.057039149598133 -3.75 12.0 41.25 8.0
18.057039149598133 -3.75 12.0 41.25 9.0
18.057039149598133 -3.75 12.0 41.25 10.0
18.057039149598133 -3.75 12.0 42.5 8.0
18.057039149598133 -3.75 12.0 42.5 9.0
18.057039149598133 -3.75 12.0 42.5 10.0
18.057039149598133 -3.75 13.0 40.0 8.0
18.057039149598133 -3.75 13.0 40.0 9.0
18.057039149598133 -3.75 13.0 40.0 10.0
18.057039149598133 -3.75 13.0 41.25 8.0
18.057039149598133 -3.75 13.0 41.25 9.0
18.057039149598133 -3.75 13.0 41.25 10.0
18.057039149598133 -3.75 13.0 42.5 8.0
18.057039149598133 -3.75 13.0 42.5 9.0
18.057039149598133 -3.75 13.0 42.5 10.0
18.057039149598133 -2.5 11.0 40.0 8.0
18.057039149598133 -2.5 11.0 40.0 9.0
18.057039149598133 -2.5 11.0 40.0 10.0
18.057039149598133 -2.5 11.0 41.25 8.0
18.057039149598133 -2.5 11.0 41.25 9.0
18.057039149598133 -2.5 11.0 41.25 10.0
18.057039149598133 -2.5 11.0 42.5 8.0
18.057039149598133 -2.5 11.0 42.5 9.0
18.057039149598133 -2.5 11.0 42.5 10.0
18.057039149598133 -2.5 12.0 40.0 8.0
18.057039149598133 -2.5 12.0 40.0 9.0
18.057039149598133 -2.5 12.0 40.0 10.0
18.057039149598133 -2.5 12.0 41.25 8.0
18.057039149598133 -2.5 12.0 41.25 9.0
18.057039149598133 -2.5 12.0 41.25 10.0
18.057039149598133 -2.5 12.0 42.5 8.0
18.057039149598133 -2.5 12.0 42.5 9.0
18.057039149598133 -2.5 12.0 42.5 10.0
18.057039149598133 -2.5 13.0 40.0 8.0
18.057039149598133 -2.5 13.0 40.0 9.0
18.057039149598133 -2.5 13.0 40.0 10.0
18.057039149598133 -2.5 13.0 41.25 8.0
18.057039149598133 -2.5 13.0 41.25 9.0
18.057039149598133 -2.5 13.0 41.25 10.0
18.057039149598133 -2.5 13.0 42.5 8.0
18.057039149598133 -2.5 13.0 42.5 9.0
18.057039149598133 -2.5 13.0 42.5 10.0
18.29841845994296 -5.0 11.0 40.0 8.0
18.29841845994296 -5.0 11.0 40.0 9.0
18.29841845994296 -5.0 11.0 40.0 10.0
18.29841845994296 -5.0 11.0 41.25 8.0
18.29841845994296 -5.0 11.0 41.25 9.0
18.29841845994296 -5.0 11.0 41.25 10.0
18.29841845994296 -5.0 11.0 42.5 8.0
18.29841845994296 -5.0 11.0 42.5 9.0
18.29841845994296 -5.0 11.0 42.5 10.0
18.29841845994296 -5.0 12.0 40.0 8.0
18.29841845994296 -5.0 12.0 40.0 9.0
18.29841845994296 -5.0 12.0 40.0 10.0
18.29841845994296 -5.0 12.0 41.25 8.0
18.29841845994296 -5.0 12.0 41.25 9.0
18.29841845994296 -5.0 12.0 41.25 10.0
18.29841845994296 -5.0 12.0 42.5 8.0
18.29841845994296 -5.0 12.0 42.5 9.0
18.29841845994296 -5.0 12.0 42.5 10.0
18.29841845994296 -5.0 13.0 40.0 8.0
18.29841845994296 -5.0 13.0 40.0 9.0
18.29841845994296 -5.0 13.0 40.0 10.0
18.29841845994296 -5.0 13.0 41.25 8.0
18.29841845994296 -5.0 13.0 41.25 9.0
18.29841845994296 -5.0 13.0 41.25 10.0
18.29841845994296 -5.0 13.0 42.5 8.0
18.29841845994296 -5.0 13.0 42.5 9.0
18.29841845994296 -5.0 13.0 42.5 10.0
18.29841845994296 -3.75 11.0 40.0 8.0
18.29841845994296 -3.75 11.0 40.0 9.0
18.29841845994296 -3.75 11.0 40.0 10.0
18.29841845994296 -3.75 11.0 41.25 8.0
18.29841845994296 -3.75 11.0 41.25 9.0
18.29841845994296 -3.75 11.0 41.25 10.0
18.29841845994296 -3.75 11.0 42.5 8.0
18.29841845994296 -3.75 11.0 42.5 9.0
18.29841845994296 -3.75 11.0 42.5 10.0
18.29841845994296 -3.75 12.0 40.0 8.0
18.29841845994296 -3.75 12.0 40.0 9.0
18.29841845994296 -3.75 12.0 40.0 10.0
18.29841845994296 -3.75 12.0 41.25 8.0
18.29841845994296 -3.75 12.0 41.25 9.0
18.29841845994296 -3.75 12.0 41.25 10.0
18.29841845994296 -3.75 12.0 42.5 8.0
18.29841845994296 -3.75 12.0 42.5 9.0
18.29841845994296 -3.75 12.0 42.5 10.0
18.29841845994296 -3.75 13.0 40.0 8.0
18.29841845994296 -3.75 13.0 40.0 9.0
18.29841845994296 -3.75 13.0 40.0 10.0
18.29841845994296 -3.75 13.0 41.25 8.0
18.29841845994296 -3.75 13.0 41.25 9.0
18.29841845994296 -3.75 13.0 41.25 10.0
18.29841845994296 -3.75 13.0 42.5 8.0
18.29841845994296 -3.75 13.0 42.5 9.0
18.29841845994296 -3.75 13.0 42.5 10.0
18.29841845994296 -2.5 11.0 40.0 8.0
18.29841845994296 -2.5 11.0 40.0 9.0
18.29841845994296 -2.5 11.0 40.0 10.0
18.29841845994296 -2.5 11.0 41.25 8.0
18.29841845994296 -2.5 11.0 41.25 9.0
18.29841845994296 -2.5 11.0 41.25 10.0
18.29841845994296 -2.5 11.0 42.5 8.0
18.29841845994296 -2.5 11.0 42.5 9.0
18.29841845994296 -2.5 11.0 42.5 10.0
18.29841845994296 -2.5 12.0 40.0 8.0
18.29841845994296 -2.5 12.0 40.0 9.0
18.29841845994296 -2.5 12.0 40.0 10.0
18.29841845994296 -2.5 12.0 41.25 8.0
18.29841845994296 -2.5 12.0 41.25 9.0
18.29841845994296 -2.5 12.0 41.25 10.0
18.29841845994296 -2.5 12.0 42.5 8.0
18.29841845994296 -2.5 12.0 42.5 9.0
18.29841845994296 -2.5 12.0 42.5 10.0
18.29841845994296 -2.5 13.0 40.0 8.0
18.29841845994296 -2.5 13.0 40.0 9.0
18.29841845994296 -2.5 13.0 40.0 10.0
18.29841845994296 -2.5 13.0 41.25 8.0
18.29841845994296 -2.5 13.0 41.25 9.0
18.29841845994296 -2.5 13.0 41.25 10.0
18.29841845994296 -2.5 13.0 42.5 8.0
18.29841845994296 -2.5 13.0 42.5 9.0
18.29841845994296 -2.5 13.0 42.5 10.0
18.539797770287787 -5.0 11.0 40.0 8.0
18.539797770287787 -5.0 11.0 40.0 9.0
18.539797770287787 -5.0 11.0 40.0 10.0
18.539797770287787 -5.0 11.0 41.25 8.0
18.539797770287787 -5.0 11.0 41.25 9.0
18.539797770287787 -5.0 11.0 41.25 10.0
18.539797770287787 -5.0 11.0 42.5 8.0
18.539797770287787 -5.0 11.0 42.5 9.0
18.539797770287787 -5.0 11.0 42.5 10.0
18.539797770287787 -5.0 12.0 40.0 8.0
18.539797770287787 -5.0 12.0 40.0 9.0
18.539797770287787 -5.0 12.0 40.0 10.0
18.539797770287787 -5.0 12.0 41.25 8.0
18.539797770287787 -5.0 12.0 41.25 9.0
18.539797770287787 -5.0 12.0 41.25 10.0
18.539797770287787 -5.0 12.0 42.5 8.0
18.539797770287787 -5.0 12.0 42.5 9.0
18.539797770287787 -5.0 12.0 42.5 10.0
18.539797770287787 -5.0 13.0 40.0 8.0
18.539797770287787 -5.0 13.0 40.0 9.0
18.539797770287787 -5.0 13.0 40.0 10.0
18.539797770287787 -5.0 13.0 41.25 8.0
18.539797770287787 -5.0 13.0 41.25 9.0
18.539797770287787 -5.0 13.0 41.25 10.0
18.539797770287787 -5.0 13.0 42.5 8.0
18.539797770287787 -5.0 13.0 42.5 9.0
18.539797770287787 -5.0 13.0 42.5 10.0
18.539797770287787 -3.75 11.0 40.0 8.0
18.539797770287787 -3.75 11.0 40.0 9.0
18.539797770287787 -3.75 11.0 40.0 10.0
18.539797770287787 -3.75 11.0 41.25 8.0
18.539797770287787 -3.75 11.0 41.25 9.0
18.539797770287787 -3.75 11.0 41.25 10.0
18.539797770287787 -3.75 11.0 42.5 8.0
18.539797770287787 -3.75 11.0 42.5 9.0
18.539797770287787 -3.75 11.0 42.5 10.0
18.539797770287787 -3.75 12.0 40.0 8.0
18.539797770287787 -3.75 12.0 40.0 9.0
18.539797770287787 -3.75 12.0 40.0 10.0
18.539797770287787 -3.75 12.0 41.25 8.0
18.539797770287787 -3.75 12.0 41.25 9.0
18.539797770287787 -3.75 12.0 41.25 10.0
18.539797770287787 -3.75 12.0 42.5 8.0
18.539797770287787 -3.75 12.0 42.5 9.0
18.539797770287787 -3.75 12.0 42.5 10.0
18.539797770287787 -3.75 13.0 40.0 8.0
18.539797770287787 -3.75 13.0 40.0 9.0
18.539797770287787 -3.75 13.0 40.0 10.0
18.539797770287787 -3.75 13.0 41.25 8.0
18.539797770287787 -3.75 13.0 41.25 9.0
18.539797770287787 -3.75 13.0 41.25 10.0
18.539797770287787 -3.75 13.0 42.5 8.0
18.539797770287787 -3.75 13.0 42.5 9.0
18.539797770287787 -3.75 13.0 42.5 10.0
18.539797770287787 -2.5 11.0 40.0 8.0
18.539797770287787 -2.5 11.0 40.0 9.0
18.539797770287787 -2.5 11.0 40.0 10.0
18.539797770287787 -2.5 11.0 41.25 8.0
18.539797770287787 -2.5 11.0 41.25 9.0
18.539797770287787 -2.5 11.0 41.25 10.0
18.539797770287787 -2.5 11.0 42.5 8.0
18.539797770287787 -2.5 11.0 42.5 9.0
18.539797770287787 -2.5 11.0 42.5 10.0
18.539797770287787 -2.5 12.0 40.0 8.0
18.539797770287787 -2.5 12.0 40.0 9.0
18.539797770287787 -2.5 12.0 40.0 10.0
18.539797770287787 -2.5 12.0 41.25 8.0
18.539797770287787 -2.5 12.0 41.25 9.0
18.539797770287787 -2.5 12.0 41.25 10.0
18.539797770287787 -2.5 12.0 42.5 8.0
18.539797770287787 -2.5 12.0 42.5 9.0
18.539797770287787 -2.5 12.0 42.5 10.0
18.539797770287787 -2.5 13.0 40.0 8.0
18.539797770287787 -2.5 13.0 40.0 9.0
18.539797770287787 -2.5 13.0 40.0 10.0
18.539797770287787 -2.5 13.0 41.25 8.0
18.539797770287787 -2.5 13.0 41.25 9.0
18.539797770287787 -2.5 13.0 41.25 10.0
18.539797770287787 -2.5 13.0 42.5 8.0
18.539797770287787 -2.5 13.0 42.5 9.0
18.539797770287787 -2.5 13.0 42.5 10.0
18.781177080632617 -5.0 11.0 40.0 8.0
18.781177080632617 -5.0 11.0 40.0 9.0
18.781177080632617 -5.0 11.0 40.0 10.0
18.781177080632617 -5.0 11.0 41.25 8.0
18.781177080632617 -5.0 11.0 41.25 9.0
18.781177080632617 -5.0 11.0 41.25 10.0
18.781177080632617 -5.0 11.0 42.5 8.0
18.781177080632617 -5.0 11.0 42.5 9.0
18.781177080632617 -5.0 11.0 42.5 10.0
18.781177080632617 -5.0 12.0 40.0 8.0
18.781177080632617 -5.0 12.0 40.0 9.0
18.781177080632617 -5.0 12.0 40.0 10.0
18.781177080632617 -5.0 12.0 41.25 8.0
18.781177080632617 -5.0 12.0 41.25 9.0
18.781177080632617 -5.0 12.0 41.25 10.0
18.781177080632617 -5.0 12.0 42.5 8.0
18.781177080632617 -5.0 12.0 42.5 9.0
18.781177080632617 -5.0 12.0 42.5 10.0
18.781177080632617 -5.0 13.0 40.0 8.0
18.781177080632617 -5.0 13.0 40.0 9.0
18.781177080632617 -5.0 13.0 40.0 10.0
18.781177080632617 -5.0 13.0 41.25 8.0
18.781177080632617 -5.0 13.0 41.25 9.0
18.781177080632617 -5.0 13.0 41.25 10.0
18.781177080632617 -5.0 13.0 42.5 8.0
18.781177080632617 -5.0 13.0 42.5 9.0
18.781177080632617 -5.0 13.0 42.5 10.0
18.781177080632617 -3.75 11.0 40.0 8.0
18.781177080632617 -3.75 11.0 40.0 9.0
18.781177080632617 -3.75 11.0 40.0 10.0
18.781177080632617 -3.75 11.0 41.25 8.0
18.781177080632617 -3.75 11.0 41.25 9.0
18.781177080632617 -3.75 11.0 41.25 10.0
18.781177080632617 -3.75 11.0 42.5 8.0
18.781177080632617 -3.75 11.0 42.5 9.0
18.781177080632617 -3.75 11.0 42.5 10.0
18.781177080632617 -3.75 12.0 40.0 8.0
18.781177080632617 -3.75 12.0 40.0 9.0
18.781177080632617 -3.75 12.0 40.0 10.0
18.781177080632617 -3.75 12.0 41.25 8.0
18.781177080632617 -3.75 12.0 41.25 9.0
18.781177080632617 -3.75 12.0 41.25 10.0
18.781177080632617 -3.75 12.0 42.5 8.0
18.781177080632617 -3.75 12.0 42.5 9.0
18.781177080632617 -3.75 12.0 42.5 10.0
18.781177080632617 -3.75 13.0 40.0 8.0
18.781177080632617 -3.75 13.0 40.0 9.0
18.781177080632617 -3.75 13.0 40.0 10.0
18.781177080632617 -3.75 13.0 41.25 8.0
18.781177080632617 -3.75 13.0 41.25 9.0
18.781177080632617 -3.75 13.0 41.25 10.0
18.781177080632617 -3.75 13.0 42.5 8.0
18.781177080632617 -3.75 13.0 42.5 9.0
18.781177080632617 -3.75 13.0 42.5 10.0
18.781177080632617 -2.5 11.0 40.0 8.0
18.781177080632617 -2.5 11.0 40.0 9.0
18.781177080632617 -2.5 11.0 40.0 10.0
18.781177080632617 -2.5 11.0 41.25 8.0
18.781177080632617 -2.5 11.0 41.25 9.0
18.781177080632617 -2.5 11.0 41.25 10.0
18.781177080632617 -2.5 11.0 42.5 8.0
18.781177080632617 -2.5 11.0 42.5 9.0
18.781177080632617 -2.5 11.0 42.5 10.0
18.781177080632617 -2.5 12.0 40.0 8.0
18.781177080632617 -2.5 12.0 40.0 9.0
18.781177080632617 -2.5 12.0 40.0 10.0
18.781177080632617 -2.5 12.0 41.25 8.0
18.781177080632617 -2.5 12.0 41.25 9.0
18.781177080632617 -2.5 12.0 41.25 10.0
18.781177080632617 -2.5 12.0 42.5 8.0
18.781177080632617 -2.5 12.0 42.5 9.0
18.781177080632617 -2.5 12.0 42.5 10.0
18.781177080632617 -2.5 13.0 40.0 8.0
18.781177080632617 -2.5 13.0 40.0 9.0
18.781177080632617 -2.5 13.0 40.0 10.0
18.781177080632617 -2.5 13.0 41.25 8.0
18.781177080632617 -2.5 13.0 41.25 9.0
18.781177080632617 -2.5 13.0 41.25 10.0
18.781177080632617 -2.5 13.0 42.5 8.0
18.781177080632617 -2.5 13.0 42.5 9.0
18.781177080632617 -2.5 13.0 42.5 10.0
19.022556390977442 -5.0 11.0 40.0 8.0
19.022556390977442 -5.0 11.0 40.0 9.0
19.022556390977442 -5.0 11.0 40.0 10.0
19.022556390977442 -5.0 11.0 41.25 8.0
19.022556390977442 -5.0 11.0 41.25 9.0
19.022556390977442 -5.0 11.0 41.25 10.0
19.022556390977442 -5.0 11.0 42.5 8.0
19.022556390977442 -5.0 11.0 42.5 9.0
19.022556390977442 -5.0 11.0 42.5 10.0
19.022556390977442 -5.0 12.0 40.0 8.0
19.022556390977442 -5.0 12.0 40.0 9.0
19.022556390977442 -5.0 12.0 40.0 10.0
19.022556390977442 -5.0 12.0 41.25 8.0
19.022556390977442 -5.0 12.0 41.25 9.0
19.022556390977442 -5.0 12.0 41.25 10.0
19.022556390977442 -5.0 12.0 42.5 8.0
19.022556390977442 -5.0 12.0 42.5 9.0
19.022556390977442 -5.0 12.0 42.5 10.0
19.022556390977442 -5.0 13.0 40.0 8.0
19.022556390977442 -5.0 13.0 40.0 9.0
19.022556390977442 -5.0 13.0 40.0 10.0
19.022556390977442 -5.0 13.0 41.25 8.0
19.022556390977442 -5.0 13.0 41.25 9.0
19.022556390977442 -5.0 13.0 41.25 10.0
19.022556390977442 -5.0 13.0 42.5 8.0
19.022556390977442 -5.0 13.0 42.5 9.0
19.022556390977442 -5.0 13.0 42.5 10.0
19.022556390977442 -3.75 11.0 40.0 8.0
19.022556390977442 -3.75 11.0 40.0 9.0
19.022556390977442 -3.75 11.0 40.0 10.0
19.022556390977442 -3.75 11.0 41.25 8.0
19.022556390977442 -3.75 11.0 41.25 9.0
19.022556390977442 -3.75 11.0 41.25 10.0
19.022556390977442 -3.75 11.0 42.5 8.0
19.022556390977442 -3.75 11.0 42.5 9.0
19.022556390977442 -3.75 11.0 42.5 10.0
19.022556390977442 -3.75 12.0 40.0 8.0
19.022556390977442 -3.75 12.0 40.0 9.0
19.022556390977442 -3.75 12.0 40.0 10.0
19.022556390977442 -3.75 12.0 41.25 8.0
19.022556390977442 -3.75 12.0 41.25 9.0
19.022556390977442 -3.75 12.0 41.25 10.0
19.022556390977442 -3.75 12.0 42.5 8.0
19.022556390977442 -3.75 12.0 42.5 9.0
19.022556390977442 -3.75 12.0 42.5 10.0
19.022556390977442 -3.75 13.0 40.0 8.0
19.022556390977442 -3.75 13.0 40.0 9.0
19.022556390977442 -3.75 13.0 40.0 10.0
19.022556390977442 -3.75 13.0 41.25 8.0
19.022556390977442 -3.75 13.0 41.25 9.0
19.022556390977442 -3.75 13.0 41.25 10.0
19.022556390977442 -3.75 13.0 42.5 8.0
19.022556390977442 -3.75 13.0 42.5 9.0
19.022556390977442 -3.75 13.0 42.5 10.0
19.022556390977442 -2.5 11.0 40.0 8.0
19.022556390977442 -2.5 11.0 40.0 9.0
19.022556390977442 -2.5 11.0 40.0 10.0
19.022556390977442 -2.5 11.0 41.25 8.0
19.022556390977442 -2.5 11.0 41.25 9.0
19.022556390977442 -2.5 11.0 41.25 10.0
19.022556390977442 -2.5 11.0 42.5 8.0
19.022556390977442 -2.5 11.0 42.5 9.0
19.022556390977442 -2.5 11.0 42.5 10.0
19.022556390977442 -2.5 12.0 40.0 8.0
19.022556390977442 -2.5 12.0 40.0 9.0
19.022556390977442 -2.5 12.0 40.0 10.0
19.022556390977442 -2.5 12.0 41.25 8.0
19.022556390977442 -2.5 12.0 41.25 9.0
19.022556390977442 -2.5 12.0 41.25 10.0
19.022556390977442 -2.5 12.0 42.5 8.0
19.022556390977442 -2.5 12.0 42.5 9.0
19.022556390977442 -2.5 12.0 42.5 10.0
19.022556390977442 -2.5 13.0 40.0 8.0
19.022556390977442 -2.5 13.0 40.0 9.0
19.022556390977442 -2.5 13.0 40.0 10.0
19.022556390977442 -2.5 13.0 41.25 8.0
19.022556390977442 -2.5 13.0 41.25 9.0
19.022556390977442 -2.5 13.0 41.25 10.0
19.022556390977442 -2.5 13.0 42.5 8.0
19.022556390977442 -2.5 13.0 42.5 9.0
19.022556390977442 -2.5 13.0 42.5 10.0
